asynch,bfreq,brasterpower,gamma,kext,krec,msgain,nTE,ofreq,pfreq,pval,rasterpower,run,time
4.415907993777896e-05,30.72,1.3583010608835686,6.911732522701382,1.0,1.0,0.0,-0.004688902421304167,4.34,3.985,1.0,0.1539585953464355,1.0,3.25
5.386566363033092e-05,30.83,1.4172765299588692,7.025531288235825,1.0,1.0,0.0,-0.004688902421304167,4.16,4.1275,1.0,0.18455839535383808,1.0,3.75
5.329492446695354e-05,30.33,1.3259345284362642,7.327059301277772,1.0,1.0,0.0,-0.004688902421304167,4.48,4.1075,1.0,0.19488892642868685,1.0,4.25
4.8253767283534384e-05,32.64,1.3673472351972011,7.074249156701431,1.0,1.0,0.0,-0.004688902421304167,4.3,4.205,1.0,0.15524384770198854,1.0,4.75
4.890277082110049e-05,30.7,1.4456965877295742,7.253109641827121,1.0,1.0,0.0,-0.004688902421304167,4.34,4.1275,1.0,0.2035000063371873,1.0,5.25
5.014245479596324e-05,30.37,1.3832940799311229,7.283384834390647,1.0,1.0,0.0,-0.004688902421304167,4.17,4.055,1.0,0.19006115996765602,1.0,5.75
5.0304268662416687e-05,30.42,1.2896579089802662,7.116788822068296,1.0,1.0,0.0,-0.004688902421304167,4.57,4.1125,1.0,0.16790049433614995,1.0,6.25
5.427227668426873e-05,31.56,1.35301664309979,7.168809382069726,1.0,1.0,0.0,-0.004688902421304167,4.27,4.205,1.0,0.1537519990603214,1.0,6.75
5.866498290940802e-05,31.62,1.3486045062283996,7.133375283996884,1.0,1.0,0.0,-0.004688902421304167,4.35,4.16,1.0,0.17632370884124393,1.0,7.25
4.9519952646207563e-05,30.71,1.3934210309042911,7.050281303169178,1.0,1.0,0.0,-0.004688902421304167,4.04,4.02,1.0,0.1836086561469072,1.0,7.75
4.864403611032199e-05,31.1,1.3990646850943635,7.059439225024851,1.0,1.0,0.0,-0.004688902421304167,4.12,4.12,1.0,0.17866560085235747,1.0,8.25
4.659958386434028e-05,30.36,1.3932082017280774,7.237701500055876,1.0,1.0,0.0,-0.004688902421304167,4.09,4.12,1.0,0.19134985679367653,1.0,8.75
5.488778568903687e-05,29.89,1.3502729407063738,7.253023089558791,1.0,1.0,0.0,-0.004688902421304167,4.41,4.215,1.0,0.18324474371247965,1.0,9.25
4.835484663217822e-05,31.83,1.3319452996695282,7.236776403652924,1.0,1.0,0.0,-0.004688902421304167,4.17,4.1225,1.0,0.18254925534653915,1.0,9.75
4.641437013404025e-05,30.75,1.3824493696632765,6.965428854026111,1.0,1.0,0.0,-0.004688902421304167,4.11,4.055,1.0,0.17210244565463131,1.0,10.25
4.943360156904716e-05,30.69,1.3350539383849866,7.044198679753996,1.0,1.0,0.0,-0.004688902421304167,4.41,4.12,1.0,0.1667195543350802,1.0,10.75
5.3922367573691824e-05,30.68,1.3235774985784599,6.797784248982817,1.0,1.0,0.0,-0.004688902421304167,4.35,4.055,1.0,0.1602592212972663,1.0,11.25
5.115223563329088e-05,31.04,1.4123188882301934,7.240654402116994,1.0,1.0,0.0,-0.004688902421304167,4.47,4.1775,1.0,0.17670725913423754,1.0,11.75
4.362612989252471e-05,30.92,1.3529029403489603,6.950826862606754,1.0,1.0,0.0,-0.004688902421304167,4.24,4.07,1.0,0.1694127103862214,1.0,12.25
5.079763021453692e-05,30.46,1.3138240358503899,6.835953609550812,1.0,1.0,0.0,-0.004688902421304167,4.05,4.0725,1.0,0.15738669533135258,1.0,12.75
4.820268264884933e-05,14.45,0.2651271934407189,3.0540350579165296,1.0,1.0,0.25,0.009718663903100416,1.41,2.1375,0.0,0.029307519402738614,2.0,3.25
5.312628107967063e-05,16.56,0.3428222924450793,3.975965360686271,1.0,1.0,0.25,0.009718663903100416,1.22,2.1375,0.0,0.02695166353113017,2.0,3.75
7.389073126029754e-05,15.23,0.29702299175515257,3.5769710000658965,1.0,1.0,0.25,0.009718663903100416,1.37,2.1425,0.0,0.02356475792872653,2.0,4.25
4.578032277191999e-05,15.06,0.28561939683506393,3.6696973563520943,1.0,1.0,0.25,0.009718663903100416,1.22,2.075,0.0,0.027282276370489283,2.0,4.75
7.656313064569835e-05,15.58,0.3538245426611008,3.7299673876483657,1.0,1.0,0.25,0.009718663903100416,1.24,2.22,0.0,0.03264831162133937,2.0,5.25
5.321502458918486e-05,14.95,0.2436295301112917,3.204637378144813,1.0,1.0,0.25,0.009718663903100416,1.29,2.1225,0.0,0.02560763631235042,2.0,5.75
6.150871021840608e-05,16.23,0.3445881527605937,3.206448583867086,1.0,1.0,0.25,0.009718663903100416,1.27,2.105,0.0,0.02760373351905976,2.0,6.25
5.26987436750885e-05,17.05,0.3014530480909081,3.4708875905352574,1.0,1.0,0.25,0.009718663903100416,1.19,2.37,0.0,0.03035912877323442,2.0,6.75
4.234420579200178e-05,15.02,0.31122621057895355,3.4568456009895114,1.0,1.0,0.25,0.009718663903100416,1.25,2.0625,0.0,0.027939347136056333,2.0,7.25
6.184583858974562e-05,14.02,0.2065308249744115,2.3529358413534736,1.0,1.0,0.25,0.009718663903100416,1.37,2.135,0.0,0.022008889232207986,2.0,7.75
5.053929555251606e-05,16.18,0.3052501592359702,3.6594252894399513,1.0,1.0,0.25,0.009718663903100416,1.2,2.2075,0.0,0.03103426326636495,2.0,8.25
6.336693999234297e-05,14.78,0.24922020855303026,2.5777535724722624,1.0,1.0,0.25,0.009718663903100416,1.62,2.115,0.0,0.03864901414195794,2.0,8.75
6.283907713926927e-05,15.84,0.29921124429997104,3.7728590206577257,1.0,1.0,0.25,0.009718663903100416,1.25,2.1875,0.0,0.028766577119106587,2.0,9.25
5.40386737716635e-05,16.2,0.2996765663222548,3.1063788164647725,1.0,1.0,0.25,0.009718663903100416,1.42,2.18,0.0,0.030757907430297382,2.0,9.75
5.6295589173210215e-05,14.14,0.2021707960939649,2.6543028959565755,1.0,1.0,0.25,0.009718663903100416,1.37,2.2125,0.0,0.02105846913059212,2.0,10.25
5.965381372352947e-05,15.33,0.3105895355494091,3.683012265563792,1.0,1.0,0.25,0.009718663903100416,1.13,2.09,0.0,0.02694273312937671,2.0,10.75
4.269642051578642e-05,16.7,0.3508066061423018,3.6718939703603817,1.0,1.0,0.25,0.009718663903100416,1.12,2.1925,0.0,0.02700052341827736,2.0,11.25
6.09338317563193e-05,16.54,0.3328779160257765,3.82966737717469,1.0,1.0,0.25,0.009718663903100416,1.22,2.3725,0.0,0.03211986880742322,2.0,11.75
5.015659458721444e-05,17.86,0.3718490383733189,3.037263845474524,1.0,1.0,0.25,0.009718663903100416,1.29,2.1575,0.0,0.02647578725385508,2.0,12.25
5.00948471245509e-05,16.38,0.3167330383184089,2.879154524321605,1.0,1.0,0.25,0.009718663903100416,1.18,2.1725,0.0,0.022984569499058232,2.0,12.75
6.122484974982656e-05,16.83,0.2980723719147176,3.556555454064004,1.0,1.0,0.5,0.015016465300881797,0.95,2.2275,0.0,0.02839887767646013,3.0,3.25
4.395920524080406e-05,16.36,0.3168846393222865,3.5306265787833886,1.0,1.0,0.5,0.015016465300881797,0.99,2.165,0.0,0.02949008149258874,3.0,3.75
5.3147367998681425e-05,17.44,0.3735801097765187,3.486238644772208,1.0,1.0,0.5,0.015016465300881797,1.13,2.4625,0.0,0.031410155186042774,3.0,4.25
5.681796719709185e-05,17.34,0.3932853636615034,3.99336025868159,1.0,1.0,0.5,0.015016465300881797,0.94,2.23,0.0,0.03721028314401389,3.0,4.75
6.820217395038628e-05,14.71,0.3382932936611866,3.4192755363601077,1.0,1.0,0.5,0.015016465300881797,1.02,2.1,0.0,0.03453451450065211,3.0,5.25
5.087693854832118e-05,17.14,0.39589447095050656,3.5864668863571567,1.0,1.0,0.5,0.015016465300881797,1.03,2.455,0.0,0.03482460856758887,3.0,5.75
6.471872004390585e-05,16.02,0.3425591714004392,2.9879242777339217,1.0,1.0,0.5,0.015016465300881797,0.91,2.085,0.0,0.03249976916859793,3.0,6.25
5.958151078372366e-05,15.84,0.24979203986557705,2.7167684616857746,1.0,1.0,0.5,0.015016465300881797,1.07,2.155,0.0,0.027946766885732083,3.0,6.75
5.131722304299538e-05,16.14,0.3100385351975077,3.1049413464857114,1.0,1.0,0.5,0.015016465300881797,1.04,2.3325,0.0,0.027002850435433875,3.0,7.25
7.154878095824405e-05,13.47,0.20184459650616626,2.171607493291688,1.0,1.0,0.5,0.015016465300881797,1.15,2.0875,0.0,0.02608746424773941,3.0,7.75
6.515614250066075e-05,15.15,0.22281372194882376,2.7372906842893348,1.0,1.0,0.5,0.015016465300881797,1.05,2.3375,0.0,0.03085386371096112,3.0,8.25
5.153554623187923e-05,15.92,0.32938976964825056,3.32364149184045,1.0,1.0,0.5,0.015016465300881797,1.21,2.2675,0.0,0.03163171782783596,3.0,8.75
5.721754860977505e-05,16.49,0.3828096385013384,3.4176545419438034,1.0,1.0,0.5,0.015016465300881797,0.98,2.185,0.0,0.03326685404845483,3.0,9.25
6.230401703353831e-05,15.19,0.3247412858280325,3.1609714556534647,1.0,1.0,0.5,0.015016465300881797,0.93,2.2625,0.0,0.037096499662028055,3.0,9.75
6.650243461518189e-05,15.51,0.2695223825000393,2.8338317371537443,1.0,1.0,0.5,0.015016465300881797,1.06,2.3625,0.0,0.03146154099257994,3.0,10.25
5.6290050548356264e-05,15.83,0.4023006315325779,3.5013958126221683,1.0,1.0,0.5,0.015016465300881797,0.98,2.115,0.0,0.03545251591080086,3.0,10.75
7.199940152987604e-05,15.91,0.3455868679244326,3.300458565674649,1.0,1.0,0.5,0.015016465300881797,0.95,2.275,0.0,0.026953490351317656,3.0,11.25
7.758158204518721e-05,12.7,0.16858324520000156,1.821127323549261,1.0,1.0,0.5,0.015016465300881797,1.12,2.3625,0.0,0.01819725830923461,3.0,11.75
7.004086706700396e-05,15.43,0.32498493207620704,3.610026428909341,1.0,1.0,0.5,0.015016465300881797,0.98,2.2375,0.0,0.03595311093256632,3.0,12.25
4.8962079765692745e-05,17.2,0.4133629474026985,3.847836600954439,1.0,1.0,0.5,0.015016465300881797,0.95,2.2625,0.0,0.03718008904067355,3.0,12.75
6.580592269264871e-05,16.25,0.33638172448629194,3.2798205084053684,1.0,1.0,0.75,0.013741212070476044,0.88,2.12,0.0,0.030436132627443487,4.0,3.25
6.422837387378074e-05,16.8,0.3756489489961394,2.9481148216800026,1.0,1.0,0.75,0.013741212070476044,0.81,2.455,0.0,0.034004736681359345,4.0,3.75
6.038009899599634e-05,17.84,0.3588126132778528,3.671653167914272,1.0,1.0,0.75,0.013741212070476044,0.91,2.4075,0.0,0.035294613245282366,4.0,4.25
7.666103141415457e-05,14.87,0.30017820249639804,3.154494102499468,1.0,1.0,0.75,0.013741212070476044,1.08,2.1325,0.0,0.03782828682548662,4.0,4.75
5.33241830165213e-05,16.57,0.39447055592417096,3.042700756250636,1.0,1.0,0.75,0.013741212070476044,0.9,2.3,0.0,0.0350451982347007,4.0,5.25
7.098894128402697e-05,17.86,0.4339287107782398,3.874825140524568,1.0,1.0,0.75,0.013741212070476044,0.88,2.525,0.0,0.0384483841350331,4.0,5.75
6.324151596625381e-05,14.31,0.1836094506465542,1.7941714877265154,1.0,1.0,0.75,0.013741212070476044,1.18,2.0625,0.0,0.028086186166776824,4.0,6.25
5.144525183066487e-05,15.52,0.3328380491692089,3.3443414569998122,1.0,1.0,0.75,0.013741212070476044,0.83,2.3175,0.0,0.033728614456549275,4.0,6.75
5.9632264971133116e-05,16.47,0.3522671149819765,3.2997380813509305,1.0,1.0,0.75,0.013741212070476044,1.27,2.3025,0.0,0.03663048052453311,4.0,7.25
6.121852489323765e-05,15.07,0.3377219190214621,3.2362140238596435,1.0,1.0,0.75,0.013741212070476044,1.06,2.2075,0.0,0.03390198935841428,4.0,7.75
8.09201202994292e-05,9.87,0.05362337756934722,0.7536184218236319,1.0,1.0,0.75,0.013741212070476044,0.93,2.25,0.0,0.019355033355377832,4.0,8.25
9.271994658380776e-05,11.3,0.03899388770366583,0.5712439408040477,1.0,1.0,0.75,0.013741212070476044,1.27,2.4775,0.0,0.013623974384880857,4.0,8.75
5.8610654673496325e-05,15.25,0.32837116560708857,3.519759109920655,1.0,1.0,0.75,0.013741212070476044,1.01,2.11,0.0,0.03392504096409895,4.0,9.25
7.606909833527029e-05,14.49,0.22571801533437474,2.474431390264733,1.0,1.0,0.75,0.013741212070476044,0.85,2.3,0.0,0.030719654935965245,4.0,9.75
5.3983264689090336e-05,15.51,0.20515327157922755,1.981448802871824,1.0,1.0,0.75,0.013741212070476044,1.14,2.4375,0.0,0.022463157499415548,4.0,10.25
6.399077108939497e-05,14.97,0.2742484311037231,2.480508029444354,1.0,1.0,0.75,0.013741212070476044,0.87,2.2325,0.0,0.02994729548464138,4.0,10.75
6.175912107945751e-05,15.58,0.2943898367015262,2.745577568733065,1.0,1.0,0.75,0.013741212070476044,0.9,2.265,0.0,0.028862068473075507,4.0,11.25
7.0360499422358e-05,17.21,0.4059000788056471,3.681341088373689,1.0,1.0,0.75,0.013741212070476044,0.86,2.5075,0.0,0.037641184606178914,4.0,11.75
6.227171564780706e-05,15.38,0.2942534619815537,2.907410626412669,1.0,1.0,0.75,0.013741212070476044,1.05,2.1425,0.0,0.0256905808756365,4.0,12.25
6.112187793013933e-05,15.09,0.2971559683958089,2.890815415946464,1.0,1.0,0.75,0.013741212070476044,0.83,2.2825,0.0,0.03182621088839175,4.0,12.75
5.847771898745843e-05,13.97,0.3486061707691117,3.3724724622354416,1.0,1.0,1.0,0.007744562499460026,1.2,2.05,0.0,0.045635392304201966,5.0,3.25
6.578488628767619e-05,13.18,0.2424815863817549,2.306559224547415,1.0,1.0,1.0,0.007744562499460026,0.82,2.395,0.0,0.03253265387594754,5.0,3.75
7.987615511473377e-05,14.59,0.3176373231683408,3.1216008929295374,1.0,1.0,1.0,0.007744562499460026,1.02,2.4,0.0,0.03722162322704304,5.0,4.25
8.907369352686875e-05,11.61,0.16650023523872334,1.9512569416678949,1.0,1.0,1.0,0.007744562499460026,1.18,2.065,0.0,0.02933958683411638,5.0,4.75
6.011764634565315e-05,15.02,0.3291853335159464,3.6965119794530885,1.0,1.0,1.0,0.007744562499460026,0.92,2.0925,0.0,0.03608933393047529,5.0,5.25
5.720234550336126e-05,15.48,0.34163802910736896,3.2153070941382005,1.0,1.0,1.0,0.007744562499460026,0.95,2.4575,0.0,0.03862287536407283,5.0,5.75
6.762073318125499e-05,15.12,0.2602669767381021,2.6862275096775816,1.0,1.0,1.0,0.007744562499460026,1.05,2.1725,0.0,0.03168017021774785,5.0,6.25
6.049839480538607e-05,14.92,0.3027853052562817,2.244749325838805,1.0,1.0,1.0,0.007744562499460026,0.92,2.1875,0.0,0.03752874269233352,5.0,6.75
6.136589004226353e-05,15.53,0.3401804991903459,3.1545504009744705,1.0,1.0,1.0,0.007744562499460026,1.21,2.3125,0.0,0.04120164128920252,5.0,7.25
6.014238785354864e-05,16.3,0.3967545930310713,3.6398819216961207,1.0,1.0,1.0,0.007744562499460026,0.97,2.325,0.0,0.05709006871379069,5.0,7.75
6.193703496418316e-05,12.39,0.06637738342962979,0.7328409805676257,1.0,1.0,1.0,0.007744562499460026,0.88,2.125,0.0,0.01491214517346234,5.0,8.25
5.147758181551392e-05,17.99,0.4348859168537776,3.7273638391793233,1.0,1.0,1.0,0.007744562499460026,1.06,2.425,0.0,0.04502081912176532,5.0,8.75
7.507226477220586e-05,13.78,0.3403469005100733,3.1964464359665685,1.0,1.0,1.0,0.007744562499460026,1.1,2.1725,0.0,0.04384216364749576,5.0,9.25
6.155699128437332e-05,15.83,0.34465959125889184,3.0952287113573624,1.0,1.0,1.0,0.007744562499460026,1.04,2.2025,0.0,0.034197151049814765,5.0,9.75
6.85226859374243e-05,15.86,0.36117295452318615,3.1241236326157265,1.0,1.0,1.0,0.007744562499460026,1.02,2.5425,0.0,0.05084281526343532,5.0,10.25
6.206247205245176e-05,13.27,0.2420277901475977,2.740576880250796,1.0,1.0,1.0,0.007744562499460026,0.96,2.1375,0.0,0.022249425152275674,5.0,10.75
7.266261541943155e-05,9.61,0.014313218765415654,0.2455743038252694,1.0,1.0,1.0,0.007744562499460026,0.91,2.2175,0.0,0.007170822361229805,5.0,11.25
8.026117005700706e-05,15.09,0.2543785459075841,2.938279213223072,1.0,1.0,1.0,0.007744562499460026,0.9,2.42,0.0,0.027723838382377738,5.0,11.75
5.7592475433327134e-05,16.61,0.3685650637315516,3.684371754246584,1.0,1.0,1.0,0.007744562499460026,0.91,2.2525,0.0,0.03188875038288058,5.0,12.25
6.656574029584415e-05,14.8,0.2386669593148369,2.634054982766356,1.0,1.0,1.0,0.007744562499460026,0.89,2.2425,0.0,0.03592078064969284,5.0,12.75
5.156301346856563e-05,30.53,1.2960237242986847,7.366931212359741,1.0,1.0,0.0,-0.004345704946143764,4.36,4.1725,1.0,0.18824630718829066,6.0,3.25
4.950695041786449e-05,31.56,1.3333278339844292,6.876161826467197,1.0,1.0,0.0,-0.004345704946143764,4.06,4.0625,1.0,0.15921352517609855,6.0,3.75
5.469239040842899e-05,30.96,1.4445723954232406,7.484327785386164,1.0,1.0,0.0,-0.004345704946143764,4.46,4.1625,1.0,0.2106034612332965,6.0,4.25
4.428428725917992e-05,30.85,1.3803170129505204,6.909413185464313,1.0,1.0,0.0,-0.004345704946143764,4.42,4.0825,1.0,0.1675819979182461,6.0,4.75
4.5979727999382e-05,30.75,1.3635648253481498,6.845246287063887,1.0,1.0,0.0,-0.004345704946143764,4.05,3.94,1.0,0.16492496930664036,6.0,5.25
5.327370531791471e-05,30.55,1.375766731109885,7.20909005239304,1.0,1.0,0.0,-0.004345704946143764,4.24,4.0325,1.0,0.17987851722312645,6.0,5.75
4.9969309246699844e-05,30.7,1.3928073153708076,7.168045659142085,1.0,1.0,0.0,-0.004345704946143764,4.15,4.1725,1.0,0.1753745247316413,6.0,6.25
4.839537134944693e-05,32.61,1.3772218280856716,6.972473230242962,1.0,1.0,0.0,-0.004345704946143764,4.05,4.1275,1.0,0.1584253141501204,6.0,6.75
4.908825566685413e-05,30.96,1.3652985201851973,7.225584878161702,1.0,1.0,0.0,-0.004345704946143764,4.41,4.17,1.0,0.1807944562206053,6.0,7.25
4.658750220053026e-05,30.84,1.429187016342941,7.192832168269418,1.0,1.0,0.0,-0.004345704946143764,4.53,4.025,1.0,0.1902255449247813,6.0,7.75
4.922756521261757e-05,30.76,1.4263121747076852,7.353613627661562,1.0,1.0,0.0,-0.004345704946143764,4.34,4.1225,1.0,0.19130857892241013,6.0,8.25
4.718631076385266e-05,30.7,1.3727047088601667,7.194564812286156,1.0,1.0,0.0,-0.004345704946143764,4.26,4.14,1.0,0.17120083339933856,6.0,8.75
5.237258680050374e-05,30.97,1.3731101744575502,7.111011962960662,1.0,1.0,0.0,-0.004345704946143764,4.32,4.15,1.0,0.18275322271983047,6.0,9.25
5.020062455564481e-05,32.05,1.3566384267073306,7.311383510057719,1.0,1.0,0.0,-0.004345704946143764,4.19,4.215,1.0,0.190323576246192,6.0,9.75
4.658758918455207e-05,31.06,1.4439471015785208,7.2349176923844025,1.0,1.0,0.0,-0.004345704946143764,4.22,4.0975,1.0,0.18492446119033126,6.0,10.25
4.517796771461413e-05,30.54,1.3627584100599692,7.140608778991824,1.0,1.0,0.0,-0.004345704946143764,4.37,4.08,1.0,0.15974620264471193,6.0,10.75
5.1968758839848103e-05,31.02,1.3617888337909438,6.935207256193834,1.0,1.0,0.0,-0.004345704946143764,3.97,3.975,1.0,0.1552373523795828,6.0,11.25
4.5042763328177414e-05,30.67,1.3913692479546398,7.452374674547959,1.0,1.0,0.0,-0.004345704946143764,4.53,4.18,1.0,0.18447153063998886,6.0,11.75
4.901213867082646e-05,30.64,1.3204467700567375,6.8841744339589095,1.0,1.0,0.0,-0.004345704946143764,4.49,4.01,1.0,0.16283319557770978,6.0,12.25
4.461901742627112e-05,30.88,1.3767357657752373,7.254796394641683,1.0,1.0,0.0,-0.004345704946143764,4.2,4.1075,1.0,0.16011187363862053,6.0,12.75
4.293717764512829e-05,16.12,0.30952316246316697,3.617230812268089,1.0,1.0,0.25,0.007882934967727916,1.25,2.18,0.0,0.031785700602449764,7.0,3.25
5.4497531977062814e-05,14.78,0.304092633004258,3.724225024416103,1.0,1.0,0.25,0.007882934967727916,1.24,2.1,0.0,0.027891543725674685,7.0,3.75
4.584374363836773e-05,15.76,0.2284372817205757,2.633986193321668,1.0,1.0,0.25,0.007882934967727916,1.32,2.2575,0.0,0.025237979656094537,7.0,4.25
5.7591964551673814e-05,16.1,0.17344155540984654,2.205804644818041,1.0,1.0,0.25,0.007882934967727916,1.4,2.195,0.0,0.02447469456099901,7.0,4.75
4.993553192115739e-05,15.63,0.34782578032834943,3.670416483623473,1.0,1.0,0.25,0.007882934967727916,1.32,2.23,0.0,0.030257040947016436,7.0,5.25
7.476127327859505e-05,14.58,0.19123527355530467,2.6199423456685325,1.0,1.0,0.25,0.007882934967727916,1.25,2.1975,0.0,0.019327613270386176,7.0,5.75
5.409953746291617e-05,14.76,0.2791729775086097,3.553140589036737,1.0,1.0,0.25,0.007882934967727916,1.3,2.1225,0.0,0.027791044273899213,7.0,6.25
4.384198988852648e-05,15.78,0.2382873560176101,2.761444344134953,1.0,1.0,0.25,0.007882934967727916,1.21,2.16,0.0,0.03365758463368038,7.0,6.75
5.9900604325086215e-05,14.57,0.2552058546368925,2.9290572880554286,1.0,1.0,0.25,0.007882934967727916,1.38,2.2425,0.0,0.02237955634691616,7.0,7.25
4.068273780884281e-05,15.46,0.3260138492775213,3.3333176752303726,1.0,1.0,0.25,0.007882934967727916,1.33,2.095,0.0,0.033993815427654395,7.0,7.75
5.532311897170301e-05,16.78,0.3648770546015576,3.7075236818540986,1.0,1.0,0.25,0.007882934967727916,1.22,2.1775,0.0,0.0281917053090362,7.0,8.25
4.461341899979732e-05,16.46,0.31530550177905337,3.1652674087410504,1.0,1.0,0.25,0.007882934967727916,1.39,2.27,0.0,0.029437662938253388,7.0,8.75
4.757326090026439e-05,14.43,0.2707546489777874,2.9209756416698154,1.0,1.0,0.25,0.007882934967727916,1.33,2.09,0.0,0.02534527314876471,7.0,9.25
5.471868052720698e-05,16.35,0.2778798659225397,3.4336534734553426,1.0,1.0,0.25,0.007882934967727916,1.23,2.2125,0.0,0.02709833918953964,7.0,9.75
4.3464290321902975e-05,15.68,0.32094416273424825,2.9137218826890523,1.0,1.0,0.25,0.007882934967727916,1.34,2.1375,0.0,0.022778083183052,7.0,10.25
4.4110192428313846e-05,16.99,0.3596682707657605,3.387822911664373,1.0,1.0,0.25,0.007882934967727916,1.31,2.1,0.0,0.02497916633592433,7.0,10.75
5.39029410468525e-05,17.29,0.3214832697551541,3.619922052848688,1.0,1.0,0.25,0.007882934967727916,1.22,2.2425,0.0,0.023783661098882247,7.0,11.25
4.280852010374077e-05,14.38,0.1668017635387489,2.4745500833279848,1.0,1.0,0.25,0.007882934967727916,1.22,2.15,0.0,0.02237322209819337,7.0,11.75
4.8360561190826866e-05,16.23,0.3926012025438878,3.6860549752367433,1.0,1.0,0.25,0.007882934967727916,1.3,2.3375,0.0,0.03767817864512271,7.0,12.25
5.577245069348562e-05,14.95,0.2323220728764744,3.2293831615821404,1.0,1.0,0.25,0.007882934967727916,1.18,2.22,0.0,0.025256678276538543,7.0,12.75
6.584928808076115e-05,15.98,0.3110288180029459,3.1953441884769456,1.0,1.0,0.5,0.013394024943724842,0.95,2.21,0.0,0.029705818372279306,8.0,3.25
6.380348881356609e-05,14.19,0.06423320574875589,0.5787272126462835,1.0,1.0,0.5,0.013394024943724842,1.06,2.36,0.0,0.009068072365221122,8.0,3.75
6.832303223672948e-05,14.79,0.2851089739245955,3.0300909061768,1.0,1.0,0.5,0.013394024943724842,1.14,2.2625,0.0,0.02353910200305738,8.0,4.25
5.557397695794245e-05,16.1,0.31472745352027903,3.2542991408791626,1.0,1.0,0.5,0.013394024943724842,0.89,2.14,0.0,0.027339993679942515,8.0,4.75
5.049605815629432e-05,16.34,0.3145285950175765,3.3771771341462036,1.0,1.0,0.5,0.013394024943724842,1.13,2.315,0.0,0.03053765345970062,8.0,5.25
8.573326784661499e-05,15.28,0.25995608102253914,3.0226431006544647,1.0,1.0,0.5,0.013394024943724842,1.09,2.2275,0.0,0.02646809062439456,8.0,5.75
4.936549946630981e-05,15.27,0.23673873529819545,2.8998443758464854,1.0,1.0,0.5,0.013394024943724842,1.02,2.11,0.0,0.028456482086644662,8.0,6.25
5.275027615185166e-05,16.31,0.32835383052285666,3.6066201269381972,1.0,1.0,0.5,0.013394024943724842,0.99,2.26,0.0,0.03286703688270125,8.0,6.75
5.344116204727189e-05,17.16,0.3500605234523166,3.67431815500656,1.0,1.0,0.5,0.013394024943724842,1.02,2.33,0.0,0.02889469310332458,8.0,7.25
5.751951045336261e-05,16.77,0.33031568746115303,3.2253772153210614,1.0,1.0,0.5,0.013394024943724842,1.0,2.245,0.0,0.03016178007822262,8.0,7.75
5.036367133525498e-05,14.53,0.20321527160538705,2.524522602565444,1.0,1.0,0.5,0.013394024943724842,1.03,2.26,0.0,0.024375938331997585,8.0,8.25
6.689475807121637e-05,15.42,0.2794343955600041,2.5010625840196745,1.0,1.0,0.5,0.013394024943724842,1.02,2.2975,0.0,0.030499506781145068,8.0,8.75
6.116071018356783e-05,15.94,0.31065131015361946,3.4256064060583733,1.0,1.0,0.5,0.013394024943724842,1.13,2.1525,0.0,0.035125746364534215,8.0,9.25
5.814665271279043e-05,16.17,0.3190346166895192,3.0049816259157907,1.0,1.0,0.5,0.013394024943724842,0.86,2.3,0.0,0.029500028112319512,8.0,9.75
6.747328320669751e-05,16.04,0.321800265862504,3.711441801537796,1.0,1.0,0.5,0.013394024943724842,1.14,2.26,0.0,0.02813582073944411,8.0,10.25
6.256866104992823e-05,15.75,0.3071568058256181,3.475838975765033,1.0,1.0,0.5,0.013394024943724842,0.99,2.1725,0.0,0.02780940611974051,8.0,10.75
6.458321128703884e-05,13.51,0.2312007817318444,2.7878788209144028,1.0,1.0,0.5,0.013394024943724842,1.12,2.3025,0.0,0.024917613410678368,8.0,11.25
5.2477163582034887e-05,15.39,0.3217918808700305,3.220527164305661,1.0,1.0,0.5,0.013394024943724842,1.33,2.2075,0.0,0.025793883472604442,8.0,11.75
5.1607188547323326e-05,15.93,0.3163360174331275,3.5343907259077345,1.0,1.0,0.5,0.013394024943724842,1.07,2.1325,0.0,0.029707945337301218,8.0,12.25
6.56359606738675e-05,15.27,0.2622805695897488,3.006075271849,1.0,1.0,0.5,0.013394024943724842,0.9,2.355,0.0,0.03198154854550333,8.0,12.75
5.51015664172589e-05,15.05,0.3149105311715622,3.3853916578197984,1.0,1.0,0.75,0.01892846848293327,0.94,2.175,0.0,0.03296414980782778,9.0,3.25
3.744540430237562e-05,15.26,0.3200539303710776,3.458431780992214,1.0,1.0,0.75,0.01892846848293327,0.93,2.14,0.0,0.032349670745308645,9.0,3.75
6.942216712384821e-05,15.84,0.35159342040649605,3.2168502950517537,1.0,1.0,0.75,0.01892846848293327,1.0,2.3625,0.0,0.03027421385358068,9.0,4.25
7.620472146172102e-05,14.87,0.3837633471428767,3.267528372917245,1.0,1.0,0.75,0.01892846848293327,1.07,2.06,0.0,0.05434498654259587,9.0,4.75
5.477221749522472e-05,16.16,0.3589246384531341,3.4212974804679366,1.0,1.0,0.75,0.01892846848293327,0.93,2.2925,0.0,0.03363573894582312,9.0,5.25
5.829518889898717e-05,15.64,0.2453278961542343,2.3441025894047263,1.0,1.0,0.75,0.01892846848293327,1.07,2.5,0.0,0.030251685858988075,9.0,5.75
5.9700575384273716e-05,16.57,0.3477969785173488,3.3637768082303854,1.0,1.0,0.75,0.01892846848293327,0.84,2.245,0.0,0.037161184465893685,9.0,6.25
5.2261147224249576e-05,16.62,0.280106567874263,2.780606245388205,1.0,1.0,0.75,0.01892846848293327,0.85,2.3875,0.0,0.035317716465131245,9.0,6.75
5.982289772344678e-05,16.35,0.3221568806217752,3.2553233807433655,1.0,1.0,0.75,0.01892846848293327,1.04,2.295,0.0,0.03132905125368555,9.0,7.25
5.058359234350951e-05,15.63,0.31086300605917794,3.345973333734095,1.0,1.0,0.75,0.01892846848293327,0.98,2.0925,0.0,0.04144600314906704,9.0,7.75
6.942879415724981e-05,15.9,0.3090595294157199,2.7835095590709256,1.0,1.0,0.75,0.01892846848293327,0.85,2.4125,0.0,0.030512156548382036,9.0,8.25
4.620950206480429e-05,16.71,0.3528018558631383,3.11477233207835,1.0,1.0,0.75,0.01892846848293327,1.03,2.3325,0.0,0.02650526572083567,9.0,8.75
6.190733433243778e-05,14.83,0.3987173032790063,3.3792107367385364,1.0,1.0,0.75,0.01892846848293327,1.09,2.075,0.0,0.034904706478598516,9.0,9.25
5.504903716890385e-05,14.51,0.28195678844949623,2.9072707514657337,1.0,1.0,0.75,0.01892846848293327,0.96,2.1125,0.0,0.0377433445645731,9.0,9.75
7.443936920058753e-05,16.81,0.3658869140904304,3.4992890636593588,1.0,1.0,0.75,0.01892846848293327,0.95,2.5325,0.0,0.04176968855036473,9.0,10.25
5.773586377019851e-05,16.37,0.30907262935934593,2.5876386907553326,1.0,1.0,0.75,0.01892846848293327,0.98,2.17,0.0,0.03262383434464878,9.0,10.75
6.699118803479009e-05,14.7,0.27951779893205564,2.6320445936766825,1.0,1.0,0.75,0.01892846848293327,1.0,2.2125,0.0,0.03998497800440546,9.0,11.25
6.329930871806086e-05,16.97,0.3550254721404505,3.0874845277665965,1.0,1.0,0.75,0.01892846848293327,1.21,2.535,0.0,0.0295309694113078,9.0,11.75
3.9440675356454166e-05,16.22,0.4288849054429305,3.805638007080831,1.0,1.0,0.75,0.01892846848293327,1.02,2.1075,0.0,0.04243453393251035,9.0,12.25
7.594886596580888e-05,15.11,0.2585097085366696,2.2329249065639907,1.0,1.0,0.75,0.01892846848293327,0.96,2.365,0.0,0.031185853770840974,9.0,12.75
6.491748524745e-05,14.97,0.2699732576019169,2.8572685785102703,1.0,1.0,1.0,0.012201345835326751,1.17,2.1075,0.0,0.034679111840875486,10.0,3.25
5.7320979388813966e-05,15.31,0.3540700219659629,3.4397428857339465,1.0,1.0,1.0,0.012201345835326751,0.84,2.3475,0.0,0.04643090178473257,10.0,3.75
6.110536501337839e-05,17.01,0.4065849425837808,3.7697116435472613,1.0,1.0,1.0,0.012201345835326751,0.96,2.3825,0.0,0.0383493785041762,10.0,4.25
6.65132169211573e-05,17.67,0.4280586461557636,3.930834251241032,1.0,1.0,1.0,0.012201345835326751,0.92,2.2975,0.0,0.04476381972991494,10.0,4.75
6.310223916848036e-05,15.78,0.3015475392500912,2.849298772901217,1.0,1.0,1.0,0.012201345835326751,0.86,2.2725,0.0,0.031864850322851836,10.0,5.25
7.496071062115239e-05,12.34,0.02221537526987059,0.2277250963018724,1.0,1.0,1.0,0.012201345835326751,1.07,2.3625,0.0,0.007092298590798694,10.0,5.75
6.305417988364362e-05,15.52,0.3234009584987008,3.1684694128178164,1.0,1.0,1.0,0.012201345835326751,0.98,2.155,0.0,0.03742870536968455,10.0,6.25
7.299062217523587e-05,13.6,0.21825970107571505,2.5592656929076183,1.0,1.0,1.0,0.012201345835326751,0.91,2.3575,0.0,0.03799736256884026,10.0,6.75
5.398246987207522e-05,17.7,0.40447706218715457,3.635565386374767,1.0,1.0,1.0,0.012201345835326751,0.89,2.405,0.0,0.044868944183594835,10.0,7.25
6.317944527092907e-05,16.26,0.39248730241403856,3.6163404227986753,1.0,1.0,1.0,0.012201345835326751,1.05,2.2075,0.0,0.04371178164561077,10.0,7.75
5.1215561653656326e-05,15.1,0.3526936349053988,3.1867465424421897,1.0,1.0,1.0,0.012201345835326751,0.88,2.1,0.0,0.036260984999822034,10.0,8.25
6.352535511114336e-05,16.21,0.3537198311758521,3.215771372797492,1.0,1.0,1.0,0.012201345835326751,0.93,2.4875,0.0,0.03850023976622215,10.0,8.75
9.105254287942264e-05,13.93,0.2895767365276912,3.02116755789741,1.0,1.0,1.0,0.012201345835326751,1.03,2.27,0.0,0.04755881324121927,10.0,9.25
6.59355625267242e-05,14.43,0.2730875170466008,2.4021085120295886,1.0,1.0,1.0,0.012201345835326751,1.01,2.125,0.0,0.040097880864867264,10.0,9.75
6.143539183123781e-05,12.07,0.11828983337353108,1.5533084196200155,1.0,1.0,1.0,0.012201345835326751,1.12,2.5675,0.0,0.02359890547318284,10.0,10.25
5.3167719792487937e-05,13.44,0.2508366837233557,2.457986757572045,1.0,1.0,1.0,0.012201345835326751,1.07,2.0925,0.0,0.032076625908470734,10.0,10.75
7.987311570886198e-05,11.59,0.14285555319002782,1.5941459513210094,1.0,1.0,1.0,0.012201345835326751,0.93,2.1225,0.0,0.025992639612125317,10.0,11.25
8.5017901524122e-05,9.76,0.020763966236002424,0.2169338871412433,1.0,1.0,1.0,0.012201345835326751,1.18,2.545,0.0,0.009193489699017031,10.0,11.75
7.689162872465279e-05,11.69,0.12257239521853573,1.3686427106325476,1.0,1.0,1.0,0.012201345835326751,1.19,2.0325,0.0,0.017797412783271287,10.0,12.25
6.89326671208561e-05,13.85,0.2651732569126305,2.6472385828624683,1.0,1.0,1.0,0.012201345835326751,0.95,2.145,0.0,0.030841120558139687,10.0,12.75
3.9843088223190036e-05,30.45,1.3668648923425304,7.097241130033318,1.0,1.0,0.0,-0.00608005984545055,4.34,4.015,1.0,0.16695392492454045,11.0,3.25
4.9515373306117744e-05,30.5,1.3568635582509043,7.0486543651735065,1.0,1.0,0.0,-0.00608005984545055,4.27,4.0275,1.0,0.17943915802730334,11.0,3.75
4.805995689490406e-05,30.97,1.4197638842006766,7.37189554778076,1.0,1.0,0.0,-0.00608005984545055,4.34,4.12,1.0,0.1938458291130812,11.0,4.25
5.2259543183153366e-05,30.58,1.342251853954981,7.216571497894457,1.0,1.0,0.0,-0.00608005984545055,4.32,4.1475,1.0,0.17054385199960306,11.0,4.75
5.2703781052957675e-05,32.38,1.3557711514847537,7.41813785984371,1.0,1.0,0.0,-0.00608005984545055,4.26,4.2475,1.0,0.18451840243248246,11.0,5.25
4.70982812039466e-05,30.24,1.3146201585656967,7.100825048916551,1.0,1.0,0.0,-0.00608005984545055,4.42,4.11,1.0,0.2135257591351486,11.0,5.75
4.4948632288385546e-05,29.83,1.227643960646557,7.217298707048289,1.0,1.0,0.0,-0.00608005984545055,4.33,4.06,1.0,0.16958051686438466,11.0,6.25
5.042901258565013e-05,30.84,1.3634607930122955,7.151053979307762,1.0,1.0,0.0,-0.00608005984545055,4.28,4.1575,1.0,0.16069678693859196,11.0,6.75
5.765333871277758e-05,32.31,1.3270940336925536,7.142475886560835,1.0,1.0,0.0,-0.00608005984545055,4.29,4.1975,1.0,0.18141371402751064,11.0,7.25
4.806140890736235e-05,30.46,1.3894907847153173,6.982900789979582,1.0,1.0,0.0,-0.00608005984545055,4.37,4.0125,1.0,0.17952709617262586,11.0,7.75
4.489087086470129e-05,30.61,1.3429982998262722,7.1149875649865315,1.0,1.0,0.0,-0.00608005984545055,4.39,4.065,1.0,0.1709347095729337,11.0,8.25
4.778748213087077e-05,30.38,1.3422697345065628,7.3342826933331775,1.0,1.0,0.0,-0.00608005984545055,4.19,4.085,1.0,0.18604684483470912,11.0,8.75
5.734114739405937e-05,30.27,1.344757110072308,7.325345766467183,1.0,1.0,0.0,-0.00608005984545055,4.15,4.175,1.0,0.18863549244738528,11.0,9.25
4.9814938891494784e-05,31.9,1.2461534040259352,7.221709354392978,1.0,1.0,0.0,-0.00608005984545055,4.24,4.155,1.0,0.18523078829833686,11.0,9.75
4.677330284219851e-05,30.91,1.3676916306007594,6.9032653981236765,1.0,1.0,0.0,-0.00608005984545055,4.43,4.09,1.0,0.17204574110171794,11.0,10.25
4.5346706505486075e-05,30.86,1.3505282603609026,7.080247215876856,1.0,1.0,0.0,-0.00608005984545055,4.23,4.0625,1.0,0.15993169291764486,11.0,10.75
5.7735103990549436e-05,31.03,1.3210836400807835,6.88673435086642,1.0,1.0,0.0,-0.00608005984545055,4.03,3.99,1.0,0.14769817512959255,11.0,11.25
4.6812318464574405e-05,30.88,1.4292544474713846,7.285889580251457,1.0,1.0,0.0,-0.00608005984545055,4.68,4.22,1.0,0.19952943282010613,11.0,11.75
4.198429758372903e-05,30.68,1.3659877189242984,7.069253306669609,1.0,1.0,0.0,-0.00608005984545055,4.02,4.05,1.0,0.17201570751249745,11.0,12.25
4.856729848121717e-05,30.7,1.3297440657715682,6.823077846310327,1.0,1.0,0.0,-0.00608005984545055,3.8,4.0075,1.0,0.15114406196622665,11.0,12.75
4.117957841869264e-05,15.43,0.355392234437206,3.578352057942398,1.0,1.0,0.25,0.007642008530349594,1.53,2.0,0.0,0.037693403004540584,12.0,3.25
5.229151105465077e-05,15.32,0.2561672546871976,3.3349217504794684,1.0,1.0,0.25,0.007642008530349594,1.18,2.255,0.0,0.02599433986355953,12.0,3.75
5.5319659413311644e-05,15.23,0.29499684357263883,3.4189501225220917,1.0,1.0,0.25,0.007642008530349594,1.38,2.095,0.0,0.031048560310685362,12.0,4.25
5.114114888293653e-05,15.98,0.3394811117769135,3.394163715562533,1.0,1.0,0.25,0.007642008530349594,1.38,2.1175,0.0,0.03509768798206636,12.0,4.75
4.9624097195920696e-05,17.05,0.33875183719969243,3.0906431526822504,1.0,1.0,0.25,0.007642008530349594,1.18,2.2375,0.0,0.02333970603019156,12.0,5.25
4.8544985543783926e-05,16.02,0.3152497753469376,3.3173838233497435,1.0,1.0,0.25,0.007642008530349594,1.28,2.205,0.0,0.028244206759606344,12.0,5.75
6.121496960852959e-05,15.94,0.3414877739379627,3.9199580909354,1.0,1.0,0.25,0.007642008530349594,1.35,2.095,0.0,0.03062452188884057,12.0,6.25
4.479494357438245e-05,14.92,0.2861647134684956,3.0756176068692804,1.0,1.0,0.25,0.007642008530349594,1.35,2.16,0.0,0.02880467779608476,12.0,6.75
6.389036510062176e-05,16.01,0.2898952557596239,3.1440393403977027,1.0,1.0,0.25,0.007642008530349594,1.18,2.265,0.0,0.024626975836451424,12.0,7.25
6.249155203073842e-05,15.3,0.3683528778924272,3.4993027539757544,1.0,1.0,0.25,0.007642008530349594,1.25,2.0925,0.0,0.023342699198787425,12.0,7.75
4.3714297328038785e-05,14.59,0.20031325328475694,2.7982314710296765,1.0,1.0,0.25,0.007642008530349594,1.21,2.1575,0.0,0.02407252102022396,12.0,8.25
6.169539319750981e-05,16.82,0.3208012041173684,3.5714646052790964,1.0,1.0,0.25,0.007642008530349594,1.29,2.21,0.0,0.024229264799799654,12.0,8.75
4.687267393982506e-05,16.9,0.35542970459124623,3.0816549879415995,1.0,1.0,0.25,0.007642008530349594,1.18,2.2025,0.0,0.02568109310917576,12.0,9.25
4.472721302405132e-05,15.82,0.30651397229206045,3.075917381219824,1.0,1.0,0.25,0.007642008530349594,1.26,2.155,0.0,0.02055807892984336,12.0,9.75
5.343992362429797e-05,16.98,0.3447938575977525,3.5760423243621324,1.0,1.0,0.25,0.007642008530349594,1.25,2.205,0.0,0.02634432256177246,12.0,10.25
4.643321312390676e-05,16.69,0.3739503064409984,3.4129704467504127,1.0,1.0,0.25,0.007642008530349594,1.18,2.0975,0.0,0.0263537793021356,12.0,10.75
4.908209240319512e-05,17.14,0.3322349574801816,2.8263728168155318,1.0,1.0,0.25,0.007642008530349594,1.22,2.275,0.0,0.023760834327884246,12.0,11.25
4.906425483663672e-05,17.21,0.36008178942370345,3.6330775776678568,1.0,1.0,0.25,0.007642008530349594,1.22,2.1625,0.0,0.02567843688706024,12.0,11.75
5.4147880362520034e-05,16.49,0.3276031980727189,3.476355281415551,1.0,1.0,0.25,0.007642008530349594,1.3,2.14,0.0,0.030504771704079583,12.0,12.25
4.565156380120803e-05,16.03,0.3436408033925319,3.868201869068869,1.0,1.0,0.25,0.007642008530349594,1.1,2.2,0.0,0.02691572304627714,12.0,12.75
5.217389828055901e-05,15.87,0.3422272305076231,3.295489963655088,1.0,1.0,0.5,0.011088662841163123,1.14,2.205,0.0,0.04408320951670293,13.0,3.25
4.384879578710183e-05,18.58,0.3922003887892407,3.087794404374151,1.0,1.0,0.5,0.011088662841163123,0.95,2.2675,0.0,0.027608566377846533,13.0,3.75
6.57244388339333e-05,17.2,0.36966064148614736,3.727077185699665,1.0,1.0,0.5,0.011088662841163123,0.93,2.2525,0.0,0.03256236306789618,13.0,4.25
6.250866152090438e-05,13.71,0.20931708713452649,2.026198675511073,1.0,1.0,0.5,0.011088662841163123,1.43,2.0375,0.0,0.018938641759388114,13.0,4.75
7.520189208180555e-05,12.73,0.11984421590070747,1.6045547454413491,1.0,1.0,0.5,0.011088662841163123,0.92,2.2525,0.0,0.016807505902442864,13.0,5.25
6.495754736702956e-05,17.84,0.3979014328129311,3.8529379954430585,1.0,1.0,0.5,0.011088662841163123,1.05,2.41,0.0,0.034947353492316084,13.0,5.75
5.012351050781786e-05,15.7,0.37829203625800817,3.5136037605699904,1.0,1.0,0.5,0.011088662841163123,1.07,2.0125,0.0,0.02703043061236814,13.0,6.25
6.104901019652867e-05,14.87,0.3067655347775358,3.2609717047321776,1.0,1.0,0.5,0.011088662841163123,1.01,2.25,0.0,0.031353423844039205,13.0,6.75
7.268756001902232e-05,11.76,0.01584434081403332,0.1804090438737743,1.0,1.0,0.5,0.011088662841163123,1.14,2.3225,0.0,0.002735547838117212,13.0,7.25
5.9680564091486586e-05,13.94,0.28956671518955623,2.944915062227712,1.0,1.0,0.5,0.011088662841163123,1.23,2.1175,0.0,0.026691673402665872,13.0,7.75
7.12387484927787e-05,15.23,0.3551968026939357,3.7401390914555472,1.0,1.0,0.5,0.011088662841163123,1.01,2.13,0.0,0.029958703329439142,13.0,8.25
6.0518013385954406e-05,16.54,0.3723064977321299,3.4848288796283797,1.0,1.0,0.5,0.011088662841163123,1.12,2.335,0.0,0.028495130302525536,13.0,8.75
5.4927553296238644e-05,16.19,0.38450636349659983,3.385850966046864,1.0,1.0,0.5,0.011088662841163123,1.21,2.1625,0.0,0.04725686812583266,13.0,9.25
6.089692646330554e-05,14.12,0.21480168092969,2.3588083275775573,1.0,1.0,0.5,0.011088662841163123,0.98,2.26,0.0,0.02140653345027305,13.0,9.75
5.141588710674459e-05,16.34,0.3316198302816347,3.216517485979088,1.0,1.0,0.5,0.011088662841163123,1.02,2.2825,0.0,0.028557937169863226,13.0,10.25
4.036947050957581e-05,16.18,0.3961936544523511,3.6625594040576366,1.0,1.0,0.5,0.011088662841163123,1.1,2.135,0.0,0.02870953088017677,13.0,10.75
6.064645574381893e-05,17.38,0.3808444451261742,4.05214166846167,1.0,1.0,0.5,0.011088662841163123,1.01,2.3725,0.0,0.048614652386353485,13.0,11.25
5.597442401956186e-05,17.81,0.3565344708244209,3.7282811943941856,1.0,1.0,0.5,0.011088662841163123,0.98,2.47,0.0,0.03760523243765748,13.0,11.75
5.328790030581407e-05,16.45,0.4246137913282701,3.6676362317710143,1.0,1.0,0.5,0.011088662841163123,0.94,2.1325,0.0,0.030611391651988583,13.0,12.25
5.517763756184845e-05,15.53,0.26775585836324384,2.9841982574335564,1.0,1.0,0.5,0.011088662841163123,0.93,2.3,0.0,0.030269315381220494,13.0,12.75
6.040461526874864e-05,15.05,0.3592209416962281,3.551017277622892,1.0,1.0,0.75,0.0125036727139637,0.93,2.17,0.0,0.0405945802592182,14.0,3.25
7.588031846981233e-05,15.01,0.2663916942080855,2.8954644327769685,1.0,1.0,0.75,0.0125036727139637,0.89,2.3025,0.0,0.04539902253846422,14.0,3.75
4.835573041443193e-05,18.28,0.3468432331246896,3.205972017233392,1.0,1.0,0.75,0.0125036727139637,1.06,2.5,0.0,0.038751920647089017,14.0,4.25
6.565159794368396e-05,16.18,0.40012263274940224,3.347682615286748,1.0,1.0,0.75,0.0125036727139637,0.94,2.16,0.0,0.037082304588121014,14.0,4.75
5.789523585688762e-05,17.97,0.32856813512888056,3.5055768253287507,1.0,1.0,0.75,0.0125036727139637,0.78,2.48,0.0,0.036816315541668816,14.0,5.25
7.046787704652362e-05,14.0,0.18623484434150134,1.91758280766836,1.0,1.0,0.75,0.0125036727139637,1.01,2.44,0.0,0.014526715560378716,14.0,5.75
6.169233591757874e-05,14.71,0.30008434388446925,3.4093897658055083,1.0,1.0,0.75,0.0125036727139637,0.94,2.0825,0.0,0.028507905655958638,14.0,6.25
5.036980438669878e-05,16.33,0.2855119441480428,3.142702229124399,1.0,1.0,0.75,0.0125036727139637,0.87,2.2675,0.0,0.028915798306125163,14.0,6.75
4.808064327303888e-05,18.96,0.3918990972085081,3.590724063464444,1.0,1.0,0.75,0.0125036727139637,0.89,2.555,0.0,0.040003086717667335,14.0,7.25
5.7352656687253785e-05,16.26,0.3991345250659045,3.6447415033650032,1.0,1.0,0.75,0.0125036727139637,1.04,2.0925,0.0,0.03566067090347017,14.0,7.75
6.810645267401779e-05,14.24,0.2798764836317557,2.7000308553956622,1.0,1.0,0.75,0.0125036727139637,0.93,2.1225,0.0,0.024288747085435658,14.0,8.25
4.5790983645463395e-05,16.13,0.3993482447502366,3.719651851483957,1.0,1.0,0.75,0.0125036727139637,1.06,2.4425,0.0,0.05017928922478107,14.0,8.75
5.341238377724982e-05,15.33,0.3045486262060933,3.134043638970016,1.0,1.0,0.75,0.0125036727139637,0.93,2.1825,0.0,0.0333786490329181,14.0,9.25
5.486280323435917e-05,17.61,0.3912903949254677,3.6341408283941727,1.0,1.0,0.75,0.0125036727139637,0.87,2.405,0.0,0.05372444464526778,14.0,9.75
5.4088394960284226e-05,16.47,0.34618661413304563,3.785223265191374,1.0,1.0,0.75,0.0125036727139637,1.02,2.4375,0.0,0.037502632211632816,14.0,10.25
8.586779220234316e-05,12.22,0.23810028948442424,2.703608841059541,1.0,1.0,0.75,0.0125036727139637,1.15,2.1175,0.0,0.021509490587724528,14.0,10.75
5.8266202714820984e-05,15.43,0.30021181391794044,2.8590732826851433,1.0,1.0,0.75,0.0125036727139637,0.8,2.2825,0.0,0.031409825264157844,14.0,11.25
6.199434005372082e-05,16.82,0.4122966903658151,3.7267622784910617,1.0,1.0,0.75,0.0125036727139637,1.03,2.415,0.0,0.04052607747370356,14.0,11.75
8.510243162298311e-05,14.26,0.20585859591580968,2.134592012032579,1.0,1.0,0.75,0.0125036727139637,0.94,2.1425,0.0,0.025215600857921627,14.0,12.25
6.912408629108051e-05,9.73,0.006293717229530925,0.0952366203538374,1.0,1.0,0.75,0.0125036727139637,0.95,2.3525,0.0,0.003609758586212789,14.0,12.75
6.628783957283756e-05,12.6,0.16026089830046994,1.5315617577529308,1.0,1.0,1.0,0.012866419845912568,1.14,2.2025,0.0,0.03194668779415881,15.0,3.25
7.931926102577125e-05,13.93,0.2307463903603308,2.5562883928224003,1.0,1.0,1.0,0.012866419845912568,0.87,2.2925,0.0,0.0359429968333548,15.0,3.75
6.807495824727741e-05,16.4,0.3623769878621988,3.4993071364518475,1.0,1.0,1.0,0.012866419845912568,0.87,2.455,0.0,0.03789922086179813,15.0,4.25
7.510341568108581e-05,15.36,0.3366620984806913,3.1361595259066517,1.0,1.0,1.0,0.012866419845912568,1.15,2.2675,0.0,0.04371724094980869,15.0,4.75
9.255213791427945e-05,12.57,0.13560781451083842,1.6166126929968745,1.0,1.0,1.0,0.012866419845912568,0.92,2.2575,0.0,0.03287853394397438,15.0,5.25
5.442960932449272e-05,14.49,0.2595965627740038,2.818689337472043,1.0,1.0,1.0,0.012866419845912568,1.02,2.1925,0.0,0.02783994196149411,15.0,5.75
7.17908249039727e-05,14.92,0.3008232368190021,3.2109258870502435,1.0,1.0,1.0,0.012866419845912568,1.03,2.245,0.0,0.050771193532624936,15.0,6.25
7.239855677016202e-05,13.46,0.3173716153075275,3.183094475465204,1.0,1.0,1.0,0.012866419845912568,1.1,2.0625,0.0,0.035140017327344286,15.0,6.75
5.822498293986915e-05,16.47,0.3160865251383801,3.0570188230509374,1.0,1.0,1.0,0.012866419845912568,1.04,2.5625,0.0,0.036231050244673726,15.0,7.25
6.544708123978959e-05,13.32,0.23688372169786545,2.3028331943166584,1.0,1.0,1.0,0.012866419845912568,1.1,2.0075,0.0,0.032522993003714584,15.0,7.75
7.198180562279181e-05,14.11,0.35714169794226897,3.0725913917851435,1.0,1.0,1.0,0.012866419845912568,0.94,2.1775,0.0,0.05715057621983177,15.0,8.25
7.301804608290904e-05,16.87,0.2804014845582356,2.9484282094047494,1.0,1.0,1.0,0.012866419845912568,1.08,2.495,0.0,0.035959619550677765,15.0,8.75
5.8323298872609445e-05,16.04,0.4599390794281822,3.7798939003345082,1.0,1.0,1.0,0.012866419845912568,1.14,2.2175,0.0,0.054443095476455136,15.0,9.25
5.150697357600138e-05,14.8,0.3456866832602711,3.2326619344198377,1.0,1.0,1.0,0.012866419845912568,0.82,2.315,0.0,0.04034835056824032,15.0,9.75
8.549137997888688e-05,14.98,0.2627102135204191,2.425153645793185,1.0,1.0,1.0,0.012866419845912568,1.03,2.3525,0.0,0.02220176017823036,15.0,10.25
8.140796488703837e-05,15.84,0.2898547719646369,2.802930673771445,1.0,1.0,1.0,0.012866419845912568,0.96,2.2175,0.0,0.0356466416839356,15.0,10.75
5.794951886457626e-05,14.18,0.18846562329976346,2.3347654859222784,1.0,1.0,1.0,0.012866419845912568,0.81,2.1725,0.0,0.031813159989987176,15.0,11.25
7.558675903022777e-05,15.91,0.332942317336801,3.202002269093455,1.0,1.0,1.0,0.012866419845912568,1.11,2.585,0.0,0.04512864336897681,15.0,11.75
6.28685250815436e-05,14.89,0.2775196931815897,2.5221603550004725,1.0,1.0,1.0,0.012866419845912568,0.85,2.18,0.0,0.03293201000472252,15.0,12.25
6.397273848312483e-05,16.77,0.35391456992781634,3.5388283968493264,1.0,1.0,1.0,0.012866419845912568,0.91,2.33,0.0,0.03387141064774397,15.0,12.75
5.214206973957631e-05,30.96,1.3432988151083365,7.0755108348615545,1.0,1.0,0.0,-0.004357511889514346,4.32,4.2125,1.0,0.1855898354752744,16.0,3.25
5.018936305738714e-05,32.15,1.382332347903626,7.062536007671927,1.0,1.0,0.0,-0.004357511889514346,4.25,4.1125,1.0,0.18378365733919347,16.0,3.75
4.8155063304567875e-05,30.63,1.3155265167386896,6.658255649546317,1.0,1.0,0.0,-0.004357511889514346,4.03,3.9575,1.0,0.15581778202155855,16.0,4.25
4.5114297001440614e-05,30.63,1.3351427729874796,6.968408997338284,1.0,1.0,0.0,-0.004357511889514346,4.11,4.095,1.0,0.1963074491128159,16.0,4.75
4.667935314573293e-05,30.37,1.306507702737135,6.732734130921861,1.0,1.0,0.0,-0.004357511889514346,4.22,3.9775,1.0,0.14171353034778242,16.0,5.25
5.290638350220002e-05,30.46,1.2927208797796963,7.250035422742911,1.0,1.0,0.0,-0.004357511889514346,4.35,4.1125,1.0,0.17696081991183085,16.0,5.75
4.938651041271743e-05,30.64,1.3618023847141645,7.1261120710463635,1.0,1.0,0.0,-0.004357511889514346,4.21,4.0075,1.0,0.17425567401369566,16.0,6.25
4.841161119868034e-05,30.86,1.3840847069379336,7.177848553076912,1.0,1.0,0.0,-0.004357511889514346,4.29,4.045,1.0,0.1902147936759759,16.0,6.75
5.057717838431251e-05,30.41,1.3856256282921446,7.102984091288214,1.0,1.0,0.0,-0.004357511889514346,3.85,3.945,1.0,0.1836089540485428,16.0,7.25
4.389978905984804e-05,30.83,1.355101940382843,7.269032884822855,1.0,1.0,0.0,-0.004357511889514346,4.35,4.22,1.0,0.1783913079357815,16.0,7.75
4.845537805406402e-05,32.01,1.3264273946653504,7.301428808638854,1.0,1.0,0.0,-0.004357511889514346,4.15,4.1775,1.0,0.16295053692466938,16.0,8.25
5.186619950092566e-05,30.3,1.288159799013888,7.318644552722207,1.0,1.0,0.0,-0.004357511889514346,4.48,4.13,1.0,0.20462076863033604,16.0,8.75
5.441338226964413e-05,30.26,1.2772496151825228,6.989141373979608,1.0,1.0,0.0,-0.004357511889514346,3.99,3.915,1.0,0.13980358670825366,16.0,9.25
5.15352138349586e-05,31.18,1.4508022495093582,7.449641723284485,1.0,1.0,0.0,-0.004357511889514346,4.51,4.2275,1.0,0.2003224031156056,16.0,9.75
4.770555146685847e-05,31.73,1.269575428752162,7.063261577845546,1.0,1.0,0.0,-0.004357511889514346,3.91,4.055,1.0,0.17103456919862964,16.0,10.25
5.126973689520909e-05,30.97,1.3525493543460223,7.309161494148145,1.0,1.0,0.0,-0.004357511889514346,4.47,4.2375,1.0,0.18660310487429946,16.0,10.75
4.6999901108604416e-05,30.04,1.3729096806777896,7.130643687457135,1.0,1.0,0.0,-0.004357511889514346,4.26,3.9575,1.0,0.15938842513016868,16.0,11.25
5.133741614513507e-05,30.68,1.3778916746825478,7.38153828420261,1.0,1.0,0.0,-0.004357511889514346,4.52,4.085,1.0,0.21015309521393324,16.0,11.75
5.095358188600517e-05,30.69,1.3968938524252963,7.266568951489017,1.0,1.0,0.0,-0.004357511889514346,4.18,4.2325,1.0,0.20192060846649806,16.0,12.25
5.483918909221754e-05,33.13,1.4429229123247622,7.169503317310285,1.0,1.0,0.0,-0.004357511889514346,4.38,4.295,1.0,0.18337574419559446,16.0,12.75
5.574044352266172e-05,14.87,0.1652493663089369,2.3736177733910657,1.0,1.0,0.25,0.010574987241931042,1.51,2.065,0.0,0.025111014512552786,17.0,3.25
4.344923490222481e-05,16.03,0.28233947250216473,3.5014525987093195,1.0,1.0,0.25,0.010574987241931042,1.3,2.245,0.0,0.0327765489253806,17.0,3.75
5.1456998891977776e-05,15.48,0.296001657877368,3.6746052421446413,1.0,1.0,0.25,0.010574987241931042,1.54,2.2725,0.0,0.03198123375642258,17.0,4.25
5.274449048978159e-05,14.33,0.20109773453985505,2.5513230163685985,1.0,1.0,0.25,0.010574987241931042,1.2,2.07,0.0,0.020696667186445264,17.0,4.75
4.9933868160259696e-05,16.25,0.35729056808998244,3.790863583257458,1.0,1.0,0.25,0.010574987241931042,1.3,2.14,0.0,0.030033485606921036,17.0,5.25
5.4982841203499744e-05,14.73,0.24628707207360104,3.056358696937189,1.0,1.0,0.25,0.010574987241931042,1.31,2.16,0.0,0.025872328686667043,17.0,5.75
4.310266254296422e-05,15.38,0.3972125048879275,4.011000852369683,1.0,1.0,0.25,0.010574987241931042,1.26,2.1275,0.0,0.030451097881207638,17.0,6.25
6.473913461132399e-05,15.17,0.2944329483603568,3.29254151707928,1.0,1.0,0.25,0.010574987241931042,1.29,2.2575,0.0,0.031148039820336763,17.0,6.75
4.313557763024021e-05,16.3,0.40192920624171147,4.123886255648698,1.0,1.0,0.25,0.010574987241931042,1.24,2.165,0.0,0.030932771582965306,17.0,7.25
5.333543757296836e-05,16.39,0.3558332329505953,3.301828822125353,1.0,1.0,0.25,0.010574987241931042,1.36,2.1825,0.0,0.037477284283161424,17.0,7.75
5.276952363460203e-05,18.42,0.3746014034564161,3.138906811349982,1.0,1.0,0.25,0.010574987241931042,1.2,2.2225,0.0,0.024706738311506073,17.0,8.25
4.965913236157131e-05,14.58,0.22120862136278974,2.720879330994612,1.0,1.0,0.25,0.010574987241931042,1.3,2.1525,0.0,0.024309839974528458,17.0,8.75
5.524833959543518e-05,16.21,0.32058844406377074,3.2223951610936528,1.0,1.0,0.25,0.010574987241931042,1.4,2.085,0.0,0.03147895807021908,17.0,9.25
5.9236035611280966e-05,15.55,0.27605525978019696,3.214546415810132,1.0,1.0,0.25,0.010574987241931042,1.48,2.2325,0.0,0.028854481471994105,17.0,9.75
5.783849945071023e-05,15.62,0.3433059449589147,3.776533041885731,1.0,1.0,0.25,0.010574987241931042,1.3,2.0925,0.0,0.028570868701047136,17.0,10.25
5.8219513595248795e-05,15.36,0.3137658554921374,3.726922489969557,1.0,1.0,0.25,0.010574987241931042,1.29,2.2225,0.0,0.030077059818065487,17.0,10.75
5.428496888235501e-05,16.05,0.27288426698881896,3.3503500233030907,1.0,1.0,0.25,0.010574987241931042,1.2,2.08,0.0,0.02440499433456044,17.0,11.25
5.7882996665667395e-05,14.61,0.2260937054009047,2.886308182530545,1.0,1.0,0.25,0.010574987241931042,1.3,2.1875,0.0,0.022891115511326245,17.0,11.75
3.940131622586059e-05,15.83,0.3507024284231027,3.752477571855832,1.0,1.0,0.25,0.010574987241931042,1.23,2.165,0.0,0.03187347605838699,17.0,12.25
5.705645457140648e-05,17.22,0.3761580346665941,3.990089890578744,1.0,1.0,0.25,0.010574987241931042,1.23,2.3225,0.0,0.0343828450233994,17.0,12.75
5.1419216590460184e-05,15.3,0.2437089456251237,2.3618009520226546,1.0,1.0,0.5,0.012900445089682005,1.01,2.1725,0.0,0.02021877525568941,18.0,3.25
5.046826059318408e-05,16.02,0.3066519124423587,2.767236991828789,1.0,1.0,0.5,0.012900445089682005,0.94,2.3075,0.0,0.02097792236638706,18.0,3.75
5.6782752852741505e-05,14.99,0.256994527215514,3.358304796125326,1.0,1.0,0.5,0.012900445089682005,1.06,2.165,0.0,0.02513980997349426,18.0,4.25
5.4026048099065e-05,16.1,0.3518847621665256,3.387023223722027,1.0,1.0,0.5,0.012900445089682005,0.99,2.165,0.0,0.029877146577237768,18.0,4.75
7.459275657192896e-05,14.27,0.3046143997659864,3.1720330149585934,1.0,1.0,0.5,0.012900445089682005,0.95,2.3625,0.0,0.03240830257115716,18.0,5.25
4.1054052420404074e-05,16.86,0.3793356921859634,3.4268016916465665,1.0,1.0,0.5,0.012900445089682005,1.04,2.3175,0.0,0.03225762911687284,18.0,5.75
5.30535981323707e-05,16.77,0.3432610640432592,3.4144980303098214,1.0,1.0,0.5,0.012900445089682005,1.01,2.0825,0.0,0.03573145798619981,18.0,6.25
5.287970580951474e-05,18.17,0.39667377301812334,3.5197093732416187,1.0,1.0,0.5,0.012900445089682005,0.94,2.365,0.0,0.025287401733879042,18.0,6.75
5.7568115063399755e-05,15.16,0.2375007092531926,2.738001843542257,1.0,1.0,0.5,0.012900445089682005,1.13,2.19,0.0,0.02340119176025978,18.0,7.25
6.108815277085446e-05,16.33,0.200861572588636,2.3263354071464444,1.0,1.0,0.5,0.012900445089682005,0.94,2.3025,0.0,0.028419079290838718,18.0,7.75
5.740105559014259e-05,15.24,0.17326972377001734,1.6744489682550197,1.0,1.0,0.5,0.012900445089682005,1.04,2.2225,0.0,0.0261885522024334,18.0,8.25
5.860761908140303e-05,16.77,0.42983193503142697,3.821015105544797,1.0,1.0,0.5,0.012900445089682005,1.17,2.235,0.0,0.042094848608827666,18.0,8.75
6.569868068283783e-05,14.93,0.33456493583551394,2.9078154116863937,1.0,1.0,0.5,0.012900445089682005,1.13,2.185,0.0,0.02951780988927348,18.0,9.25
5.121195597680609e-05,16.31,0.3381599482199807,3.4709773654264167,1.0,1.0,0.5,0.012900445089682005,1.0,2.2625,0.0,0.03658593959015867,18.0,9.75
5.802592062201029e-05,15.64,0.30602036515416564,3.749139408414603,1.0,1.0,0.5,0.012900445089682005,1.37,2.195,0.0,0.03963205413463782,18.0,10.25
6.942028011192988e-05,14.99,0.28399562318122223,2.732763461358428,1.0,1.0,0.5,0.012900445089682005,0.92,2.235,0.0,0.030573744663070494,18.0,10.75
5.056777802015745e-05,16.08,0.3130762449386402,3.3619586591200132,1.0,1.0,0.5,0.012900445089682005,0.88,2.305,0.0,0.03341572101301133,18.0,11.25
6.22865735111356e-05,16.99,0.380023281722914,2.9574873007560942,1.0,1.0,0.5,0.012900445089682005,1.23,2.3225,0.0,0.03672368773812218,18.0,11.75
5.5633708237011986e-05,15.82,0.29890570138627376,2.9437318026756136,1.0,1.0,0.5,0.012900445089682005,1.13,2.04,0.0,0.02579905535830473,18.0,12.25
8.128499660974056e-05,9.46,0.016422701673430882,0.2371045963555361,1.0,1.0,0.5,0.012900445089682005,1.19,2.31,0.0,0.0067081946231314655,18.0,12.75
5.06415403565274e-05,16.5,0.3917712239370791,3.816064110215739,1.0,1.0,0.75,0.015260526407887472,1.0,2.095,0.0,0.03943654083900036,19.0,3.25
5.943686058916244e-05,14.54,0.2565776942852149,2.598227934548341,1.0,1.0,0.75,0.015260526407887472,0.97,2.2475,0.0,0.042539775186800965,19.0,3.75
5.865751005671958e-05,17.87,0.3478344533297524,3.60268536562724,1.0,1.0,0.75,0.015260526407887472,0.95,2.4425,0.0,0.03791911452822113,19.0,4.25
7.299132092094616e-05,15.07,0.2678460042749747,2.6789826831586687,1.0,1.0,0.75,0.015260526407887472,1.01,2.21,0.0,0.04295216538941636,19.0,4.75
5.6175634436520765e-05,16.16,0.2796841843516055,3.008181590929885,1.0,1.0,0.75,0.015260526407887472,0.79,2.4225,0.0,0.03426155827145904,19.0,5.25
6.826524996567056e-05,11.23,0.014375141343488771,0.2370741276051981,1.0,1.0,0.75,0.015260526407887472,1.34,2.4975,0.0,0.011735464390589872,19.0,5.75
7.192869351567801e-05,15.29,0.4159554117541224,3.706640822272732,1.0,1.0,0.75,0.015260526407887472,0.92,2.16,0.0,0.045206665226394174,19.0,6.25
5.892571966682654e-05,15.11,0.312889009579352,3.3808580113978173,1.0,1.0,0.75,0.015260526407887472,0.88,2.2775,0.0,0.03284843570028705,19.0,6.75
6.097241347053568e-05,17.92,0.4307244636413386,4.102300746147986,1.0,1.0,0.75,0.015260526407887472,0.95,2.53,0.0,0.05050024419831438,19.0,7.25
6.044981700898568e-05,16.75,0.4098587037345632,3.459806246512116,1.0,1.0,0.75,0.015260526407887472,0.96,2.1875,0.0,0.04946177217369457,19.0,7.75
5.583747410988606e-05,16.82,0.3486117671708144,3.5092304682018347,1.0,1.0,0.75,0.015260526407887472,0.88,2.305,0.0,0.03491540971349395,19.0,8.25
6.95012638860809e-05,16.84,0.389429341514682,3.7589175114780753,1.0,1.0,0.75,0.015260526407887472,1.1,2.505,0.0,0.042514643597745545,19.0,8.75
7.612107093433042e-05,15.51,0.31050028164900545,3.0224015313529278,1.0,1.0,0.75,0.015260526407887472,1.0,2.1425,0.0,0.027578701818104928,19.0,9.25
6.425189183829837e-05,15.94,0.3538035567459732,3.2636631644454903,1.0,1.0,0.75,0.015260526407887472,0.98,2.3175,0.0,0.04139690804345042,19.0,9.75
5.214887804462105e-05,16.9,0.31688283642070936,2.9465229671493747,1.0,1.0,0.75,0.015260526407887472,1.05,2.365,0.0,0.029839955114410063,19.0,10.25
6.546617064732787e-05,13.63,0.2382772215915208,2.625415680452649,1.0,1.0,0.75,0.015260526407887472,1.08,2.005,0.0,0.031428375815579286,19.0,10.75
8.138160695703265e-05,14.73,0.22591143732904845,2.418674118077147,1.0,1.0,0.75,0.015260526407887472,0.96,2.335,0.0,0.0293342768687953,19.0,11.25
5.454919213065696e-05,16.9,0.2902023466403213,2.8505589772805697,1.0,1.0,0.75,0.015260526407887472,1.08,2.3375,0.0,0.035658039104591824,19.0,11.75
7.031683030235841e-05,13.89,0.29953858570943137,2.9029591157273407,1.0,1.0,0.75,0.015260526407887472,1.04,2.2175,0.0,0.02633731033823208,19.0,12.25
6.570202722294131e-05,14.78,0.2882066162975189,2.5733240706131526,1.0,1.0,0.75,0.015260526407887472,0.89,2.29,0.0,0.03504858612526215,19.0,12.75
5.387984235373704e-05,15.72,0.286571654549725,2.9242400303319354,1.0,1.0,1.0,0.010409372231080547,0.99,2.1875,0.06666666666666667,0.03125007576171575,20.0,3.25
5.448436885814315e-05,15.14,0.3549568139978629,2.971314549513682,1.0,1.0,1.0,0.010409372231080547,1.04,2.195,0.06666666666666667,0.041160297661290694,20.0,3.75
6.159498979499498e-05,17.51,0.3103395107101972,2.7653472876026233,1.0,1.0,1.0,0.010409372231080547,1.06,2.52,0.06666666666666667,0.04263493313785899,20.0,4.25
5.0846912968720535e-05,15.96,0.32289534184961793,2.8651550755264887,1.0,1.0,1.0,0.010409372231080547,1.16,2.11,0.06666666666666667,0.04504156386495829,20.0,4.75
5.432925982450154e-05,16.35,0.336500286121223,3.036433933143842,1.0,1.0,1.0,0.010409372231080547,0.81,2.23,0.06666666666666667,0.036230524631195984,20.0,5.25
6.62548935352948e-05,14.74,0.2757504001993584,3.1223101111661107,1.0,1.0,1.0,0.010409372231080547,1.01,2.3425,0.06666666666666667,0.030056492193350607,20.0,5.75
7.224250300416823e-05,13.74,0.2130305917685928,2.2103730762284766,1.0,1.0,1.0,0.010409372231080547,0.9,2.18,0.06666666666666667,0.036416368591826564,20.0,6.25
6.162060452101045e-05,15.45,0.3064297255268585,2.598033230827052,1.0,1.0,1.0,0.010409372231080547,0.97,2.1875,0.06666666666666667,0.03158816162794042,20.0,6.75
6.249236718922908e-05,16.12,0.25453395579623883,2.2954574025153405,1.0,1.0,1.0,0.010409372231080547,1.04,2.45,0.06666666666666667,0.027726280675955468,20.0,7.25
7.456074306438371e-05,13.57,0.2853655399018258,2.6654136539424336,1.0,1.0,1.0,0.010409372231080547,1.13,2.12,0.06666666666666667,0.03787678398855831,20.0,7.75
7.190202538493611e-05,13.47,0.2562134127285804,2.4478477998083146,1.0,1.0,1.0,0.010409372231080547,0.93,2.2175,0.06666666666666667,0.03526628584942932,20.0,8.25
7.131185229497221e-05,16.09,0.2612690564410378,2.3407237911162073,1.0,1.0,1.0,0.010409372231080547,1.01,2.465,0.06666666666666667,0.036707206170415604,20.0,8.75
6.147612793168337e-05,15.51,0.3527861824390586,3.616958907054631,1.0,1.0,1.0,0.010409372231080547,1.08,2.12,0.06666666666666667,0.037713956909673226,20.0,9.25
7.684224200634642e-05,15.92,0.419628516822868,3.6614804700374246,1.0,1.0,1.0,0.010409372231080547,0.91,2.3025,0.06666666666666667,0.05334766690651021,20.0,9.75
6.625598006166443e-05,16.24,0.24242869284264165,2.737691227419812,1.0,1.0,1.0,0.010409372231080547,1.1,2.465,0.06666666666666667,0.034066215708482124,20.0,10.25
5.0693113454192036e-05,15.65,0.3993117316081603,3.1624214842214653,1.0,1.0,1.0,0.010409372231080547,1.11,2.1,0.06666666666666667,0.040363265654367514,20.0,10.75
5.4870458902405023e-05,15.92,0.3748092396202549,2.8113389519064453,1.0,1.0,1.0,0.010409372231080547,0.79,2.2075,0.06666666666666667,0.026294649327568465,20.0,11.25
7.674021176196738e-05,16.28,0.32186867516544576,3.140951945333229,1.0,1.0,1.0,0.010409372231080547,0.91,2.5925,0.06666666666666667,0.045134713545652225,20.0,11.75
5.975929449880687e-05,14.35,0.2500213962742664,2.50943931683373,1.0,1.0,1.0,0.010409372231080547,1.13,2.035,0.06666666666666667,0.035147270518906384,20.0,12.25
5.251297733854006e-05,12.72,0.08284570278057173,0.898069272371967,1.0,1.0,1.0,0.010409372231080547,1.07,2.0675,0.06666666666666667,0.020712296132215598,20.0,12.75
