asynch,gamma,krec,run,time
4.554928297507282e-05,3.5200798218076765,1.0,1.0,3.25
6.767243754403834e-05,2.5272002839794485,1.0,1.0,3.75
5.61214808029549e-05,2.9517797524010403,1.0,1.0,4.25
7.040435812778972e-05,2.6312654460387783,1.0,1.0,4.75
5.7231311358123096e-05,3.626392212316535,1.0,1.0,5.25
6.935354656668228e-05,2.436440908990116,1.0,1.0,5.75
7.973212504450465e-05,2.4505773112369256,1.0,1.0,6.25
5.765893106797567e-05,3.269329743284595,1.0,1.0,6.75
5.239950084493922e-05,2.3602818199925037,1.0,1.0,7.25
6.357067834816903e-05,2.7685567260726525,1.0,1.0,7.75
4.4767311417578885e-05,3.4842142662061923,1.0,1.0,8.25
8.930124314942234e-05,3.2149285763798026,1.0,1.0,8.75
5.313926391574846e-05,3.3659934033840058,1.0,1.0,9.25
6.22643363725672e-05,2.6799790624607662,1.0,1.0,9.75
6.602722432518531e-05,3.489074081473977,1.0,1.0,10.25
6.146500307099503e-05,2.4094920244938174,1.0,1.0,10.75
8.577145514007701e-05,2.9561567364734502,1.0,1.0,11.25
7.213788225285892e-05,3.1484558832406355,1.0,1.0,11.75
7.483539512281582e-05,3.097243124088863,1.0,1.0,12.25
5.727464912536195e-05,2.640421386244405,1.0,1.0,12.75
9.830270719175316e-05,0.4588188820709061,1.0,1.0,13.25
7.318262785817134e-05,2.721165606827261,1.0,1.0,13.75
5.407708411606294e-05,3.3640960802940545,1.0,1.0,14.25
5.917571414835001e-05,3.344373746597194,1.0,1.0,14.75
5.1651281314373215e-05,3.508285433933908,1.0,1.0,15.25
8.580637192137729e-05,1.937700506593028,1.0,1.0,15.75
5.7626933015953444e-05,3.0652285508384587,1.0,1.0,16.25
6.758802622118389e-05,3.4898467379685245,1.0,1.0,16.75
5.440927452784698e-05,2.6838576922825736,1.0,1.0,17.25
5.779547740282334e-05,3.0402315723477726,1.0,1.0,17.75
5.387486096354373e-05,2.629224280426598,1.0,1.0,18.25
5.929083577831835e-05,3.0266237069618733,1.0,1.0,18.75
7.789353201999141e-05,3.194318619566745,1.0,1.0,19.25
6.270871370172025e-05,3.7313488229262948,1.0,1.0,19.75
7.451480962300613e-05,2.5425572568997277,1.0,1.0,20.25
5.619241897446749e-05,2.6433362963170093,1.0,1.0,20.75
4.693298562835227e-05,2.5695159584436444,1.0,1.0,21.25
6.766161866870408e-05,3.2712603746876034,1.0,1.0,21.75
6.46848513662232e-05,2.166715494444695,1.0,1.0,22.25
6.129122726326938e-05,3.2741077027150727,1.0,1.0,22.75
5.922466202709442e-05,2.3949265632766426,11.0,2.0,3.25
8.856909327092093e-05,1.6881557157009346,11.0,2.0,3.75
5.247652568945688e-05,2.6375576571382844,11.0,2.0,4.25
6.314748224661106e-05,2.962604521313968,11.0,2.0,4.75
6.568199781282829e-05,2.250658096371036,11.0,2.0,5.25
7.558112449515024e-05,2.25166413391754,11.0,2.0,5.75
7.442577369735269e-05,2.3311260955554163,11.0,2.0,6.25
7.873761419170409e-05,2.580967918264146,11.0,2.0,6.75
8.575504570858676e-05,1.8259066715182213,11.0,2.0,7.25
6.632816580025319e-05,2.4438682190384973,11.0,2.0,7.75
7.151680133569391e-05,2.424869032073921,11.0,2.0,8.25
6.264282047799914e-05,2.2369584896215766,11.0,2.0,8.75
5.866794031818719e-05,3.0323835540138195,11.0,2.0,9.25
7.819437865375503e-05,3.178651491274469,11.0,2.0,9.75
6.482926198657595e-05,2.4562315431302384,11.0,2.0,10.25
6.823641418374149e-05,2.4055684316857424,11.0,2.0,10.75
5.604837296856942e-05,2.717525574244149,11.0,2.0,11.25
6.234611303850678e-05,3.1644329085010554,11.0,2.0,11.75
7.195190628863045e-05,2.6735724626274973,11.0,2.0,12.25
6.20965254375487e-05,3.2652603605036816,11.0,2.0,12.75
8.582072830844937e-05,2.0922349718113367,11.0,2.0,13.25
4.845954746043548e-05,2.740439770994353,11.0,2.0,13.75
7.539779238452641e-05,2.24718270035884,11.0,2.0,14.25
7.131045002686463e-05,2.9696414133796667,11.0,2.0,14.75
4.27461366470176e-05,3.2168416899567984,11.0,2.0,15.25
5.814652583101057e-05,2.307729980253281,11.0,2.0,15.75
7.376575450142404e-05,2.653509043676494,11.0,2.0,16.25
5.0081426922634537e-05,3.4149183423344547,11.0,2.0,16.75
8.834391138282452e-05,0.3968637703459729,11.0,2.0,17.25
7.829049716173699e-05,2.7118931985116705,11.0,2.0,17.75
6.149995638144713e-05,2.764720042524101,11.0,2.0,18.25
6.18066552367977e-05,3.016828822644058,11.0,2.0,18.75
6.103903340073863e-05,3.4599140367944745,11.0,2.0,19.25
4.996937787295898e-05,2.8538552038665674,11.0,2.0,19.75
7.963401300472088e-05,2.9520831133120264,11.0,2.0,20.25
5.545604646236547e-05,2.457483567584,11.0,2.0,20.75
5.013410776450451e-05,3.2102745266844,11.0,2.0,21.25
9.063638143340304e-05,2.0495267391637406,11.0,2.0,21.75
6.623141521828229e-05,2.8343595626064437,11.0,2.0,22.25
7.21925433363854e-05,3.1686570702002084,11.0,2.0,22.75
6.608359084316813e-05,3.63416685644596,21.0,3.0,3.25
6.302432738568929e-05,2.693160242365596,21.0,3.0,3.75
9.188215647551444e-05,1.8181409400124608,21.0,3.0,4.25
7.163609408822982e-05,3.1667099340930926,21.0,3.0,4.75
5.5982936764069716e-05,2.129032576987656,21.0,3.0,5.25
5.771745441010601e-05,2.3555904036572595,21.0,3.0,5.75
5.3199635741861075e-05,2.240100605538049,21.0,3.0,6.25
6.439601397823849e-05,2.916778645217972,21.0,3.0,6.75
6.195075305007839e-05,2.8661610560778654,21.0,3.0,7.25
8.124398930184161e-05,2.2911123676256784,21.0,3.0,7.75
6.775157741847475e-05,2.4596838290686365,21.0,3.0,8.25
8.306529083398879e-05,1.7057044465122613,21.0,3.0,8.75
5.8931433379039404e-05,3.4693551571221293,21.0,3.0,9.25
8.257355601402985e-05,2.360082327156691,21.0,3.0,9.75
6.320229549732639e-05,3.431542183768077,21.0,3.0,10.25
6.402688736808842e-05,3.0394699165302312,21.0,3.0,10.75
6.704186309107837e-05,3.166321352027274,21.0,3.0,11.25
5.52273225344947e-05,2.772531655290458,21.0,3.0,11.75
8.776182074548644e-05,1.37305933268348,21.0,3.0,12.25
0.00010560527369713405,0.21831188150931946,21.0,3.0,12.75
6.478047307388207e-05,3.0586084958580355,21.0,3.0,13.25
6.727720092718338e-05,2.554545219916163,21.0,3.0,13.75
7.282163313856337e-05,2.904829644112575,21.0,3.0,14.25
6.512859342589179e-05,1.861865408284024,21.0,3.0,14.75
6.0969040238808425e-05,2.811513509184544,21.0,3.0,15.25
5.147402861427853e-05,2.5930482193199933,21.0,3.0,15.75
5.9502021697767905e-05,3.1924615851103453,21.0,3.0,16.25
8.861595943915442e-05,0.15344907054440246,21.0,3.0,16.75
8.669872271819428e-05,2.5548045719847083,21.0,3.0,17.25
6.46079786823789e-05,2.8913493566850708,21.0,3.0,17.75
6.283721686015461e-05,1.5451546003485452,21.0,3.0,18.25
7.081481504081743e-05,2.543061665378912,21.0,3.0,18.75
6.477841647106613e-05,2.972659757436966,21.0,3.0,19.25
7.501161709681628e-05,2.7393305863573145,21.0,3.0,19.75
6.958871583158534e-05,1.950254208141311,21.0,3.0,20.25
5.877426993847472e-05,3.1376247808867337,21.0,3.0,20.75
6.368534949927552e-05,3.5775335591797024,21.0,3.0,21.25
4.6360344731656344e-05,3.289837385630172,21.0,3.0,21.75
6.888678339792633e-05,1.7233698683614749,21.0,3.0,22.25
5.935230758080442e-05,1.6417289531987789,21.0,3.0,22.75
8.351799179644687e-05,2.12531478666842,31.0,4.0,3.25
0.00012145173450166389,0.4346897571182966,31.0,4.0,3.75
0.00010429145970848496,0.2353022569621913,31.0,4.0,4.25
0.00010970358089498816,0.3812794969495561,31.0,4.0,4.75
9.741679215616704e-05,0.08753697347937997,31.0,4.0,5.25
0.00010069702646872084,0.5310435492211294,31.0,4.0,5.75
6.556746648853067e-05,1.8921499014697285,31.0,4.0,6.25
2.9320863457113823e-05,2.2062765129943247,31.0,4.0,6.75
6.419539522328547e-05,1.82830027251409,31.0,4.0,7.25
9.863989931303486e-05,0.3842244227526727,31.0,4.0,7.75
6.533958625051804e-05,2.5290451808431125,31.0,4.0,8.25
2.420944414407229e-05,2.023533998528692,31.0,4.0,8.75
2.1220875647034225e-05,2.1180144107575694,31.0,4.0,9.25
2.588036102064649e-05,2.0065990567345566,31.0,4.0,9.75
1.707825360471736e-05,2.1515937390849755,31.0,4.0,10.25
2.625454356831623e-05,1.591813475376506,31.0,4.0,10.75
6.669712203123393e-05,1.2117000665552722,31.0,4.0,11.25
2.997601049044757e-05,1.9126675753490143,31.0,4.0,11.75
2.820239832258847e-05,1.769222086473315,31.0,4.0,12.25
4.6611269578070456e-05,1.958560544418764,31.0,4.0,12.75
2.5169267824755123e-05,2.4858161963377103,31.0,4.0,13.25
5.768256517094381e-05,1.6473243621933498,31.0,4.0,13.75
4.540967211964331e-05,2.086838941912359,31.0,4.0,14.25
0.00010320643759940288,0.21320457402122608,31.0,4.0,14.75
0.0001072954988524778,1.9387560537493105,31.0,4.0,15.25
8.589826779852874e-05,0.5940684313162757,31.0,4.0,15.75
6.967621822520532e-05,2.6418668046268983,31.0,4.0,16.25
9.77343227557197e-05,0.16185395310765452,31.0,4.0,16.75
0.00011541607139916862,0.3745761843946582,31.0,4.0,17.25
7.010832652089626e-05,1.5950417956632357,31.0,4.0,17.75
6.045615143638172e-05,2.1231561065722864,31.0,4.0,18.25
7.886377495022521e-05,1.9567824432565948,31.0,4.0,18.75
8.095342701785381e-05,1.3861662198609122,31.0,4.0,19.25
7.260283791920774e-05,0.3184051645840621,31.0,4.0,19.75
0.00010008418076117918,0.2292939272248865,31.0,4.0,20.25
8.960347414454882e-05,0.25437956521925753,31.0,4.0,20.75
6.982780194491411e-05,1.929942540778423,31.0,4.0,21.25
0.00010368023617873744,0.30341731896815066,31.0,4.0,21.75
0.00011787845897043865,0.22494523317857065,31.0,4.0,22.25
9.230295135520596e-05,0.4906848827725013,31.0,4.0,22.75
8.419322507204409e-05,1.3854818261697277,1.0,5.0,3.25
4.8017203269824954e-05,3.0503670240993084,1.0,5.0,3.75
5.908849417678606e-05,2.5389460745030448,1.0,5.0,4.25
5.140174551493778e-05,3.156277148533855,1.0,5.0,4.75
8.187234439460952e-05,2.96299116826796,1.0,5.0,5.25
6.42042487385336e-05,2.9388316777823227,1.0,5.0,5.75
5.456709137657292e-05,3.3319603537865627,1.0,5.0,6.25
6.610166160583678e-05,2.782857285794792,1.0,5.0,6.75
6.848607230804624e-05,2.147737330202261,1.0,5.0,7.25
5.52119985422014e-05,3.469867253310856,1.0,5.0,7.75
5.681623444328838e-05,3.5662611917733456,1.0,5.0,8.25
6.510746061179786e-05,3.306944001427928,1.0,5.0,8.75
3.8835383451190495e-05,3.233998348089912,1.0,5.0,9.25
5.90239620645192e-05,2.8584517555927573,1.0,5.0,9.75
8.10609688777533e-05,2.0816393948192577,1.0,5.0,10.25
6.87312420659555e-05,3.4854641192702385,1.0,5.0,10.75
5.985561359036914e-05,3.7396427261920966,1.0,5.0,11.25
6.661203866461664e-05,3.1314402248925317,1.0,5.0,11.75
6.733862614613594e-05,2.191407309478456,1.0,5.0,12.25
7.095774688621793e-05,3.635261347050365,1.0,5.0,12.75
5.675157032830052e-05,2.0733226026524267,1.0,5.0,13.25
7.808108221560137e-05,1.9324179555244887,1.0,5.0,13.75
7.388681009958877e-05,2.7592737501404305,1.0,5.0,14.25
7.482184062661515e-05,3.2807088949230705,1.0,5.0,14.75
6.553627178297844e-05,3.1603813774349154,1.0,5.0,15.25
8.426045815626309e-05,2.4260388621882627,1.0,5.0,15.75
8.07051684948547e-05,2.6675252314006435,1.0,5.0,16.25
4.078788745807612e-05,3.653170402898655,1.0,5.0,16.75
5.0752160949791524e-05,3.810936708717589,1.0,5.0,17.25
7.700650235563836e-05,3.5098461864440287,1.0,5.0,17.75
6.184675879704403e-05,3.496007679026833,1.0,5.0,18.25
4.9920621807649956e-05,2.5401847489960883,1.0,5.0,18.75
8.346538934944066e-05,3.0955628405696616,1.0,5.0,19.25
7.311984301282107e-05,3.1417725708268693,1.0,5.0,19.75
7.212526019216891e-05,2.5107213706481897,1.0,5.0,20.25
7.730361009513922e-05,2.412884988460723,1.0,5.0,20.75
6.881668265310132e-05,1.7758752532664177,1.0,5.0,21.25
6.137602560598163e-05,2.037129524177942,1.0,5.0,21.75
0.00010513239546444896,0.2975741739351888,1.0,5.0,22.25
7.452153644371681e-05,0.5203134116086696,1.0,5.0,22.75
4.551871477280612e-05,4.003733390025489,11.0,6.0,3.25
7.808266269700559e-05,3.5130722308171363,11.0,6.0,3.75
7.181518472928402e-05,3.8117050096105753,11.0,6.0,4.25
5.588576872633753e-05,2.6721396838874774,11.0,6.0,4.75
6.910384861790695e-05,2.86705121452275,11.0,6.0,5.25
6.424776582765532e-05,2.558006951501335,11.0,6.0,5.75
6.678711943535598e-05,3.635708869703848,11.0,6.0,6.25
5.437758371590962e-05,3.0169906812997174,11.0,6.0,6.75
8.615557737702105e-05,0.33467247541905776,11.0,6.0,7.25
6.300840226424411e-05,2.9687306694636693,11.0,6.0,7.75
7.303435679489294e-05,2.9807083756690047,11.0,6.0,8.25
7.304870819251704e-05,3.554498282212145,11.0,6.0,8.75
6.817755015398722e-05,2.1642498460270208,11.0,6.0,9.25
6.36510509805765e-05,2.340145660118517,11.0,6.0,9.75
6.175507409577352e-05,3.487638028517462,11.0,6.0,10.25
5.645690184794392e-05,2.8901918029800804,11.0,6.0,10.75
6.975666280656494e-05,3.3321202543687747,11.0,6.0,11.25
7.93862337214014e-05,2.039844422569673,11.0,6.0,11.75
5.746381114593511e-05,2.9746937439814296,11.0,6.0,12.25
7.057780274857047e-05,2.2394960115963607,11.0,6.0,12.75
5.744288180889451e-05,3.164937228941912,11.0,6.0,13.25
5.874052175996185e-05,2.766001874385044,11.0,6.0,13.75
7.061789602882772e-05,2.8484020463903637,11.0,6.0,14.25
6.860520978068143e-05,2.628463774812908,11.0,6.0,14.75
7.468142096468969e-05,3.4910563565298522,11.0,6.0,15.25
7.003002670914686e-05,2.7182481775977454,11.0,6.0,15.75
6.371161564072977e-05,0.8238904184001029,11.0,6.0,16.25
7.039739615401501e-05,2.9349315098179964,11.0,6.0,16.75
7.625130318805185e-05,2.728275712528179,11.0,6.0,17.25
8.237342053561236e-05,0.7902034374849174,11.0,6.0,17.75
6.646344696623802e-05,1.9347058393084853,11.0,6.0,18.25
5.898021274968809e-05,2.9251175126602917,11.0,6.0,18.75
6.99140225654219e-05,1.3136760549002964,11.0,6.0,19.25
7.87467036046615e-05,0.5859172056014686,11.0,6.0,19.75
0.00010012251242802116,0.17615187480911176,11.0,6.0,20.25
5.6774946464357505e-05,3.3498934262032405,11.0,6.0,20.75
5.938829207496682e-05,0.7140734608830093,11.0,6.0,21.25
7.817547583126754e-05,0.36590755259400815,11.0,6.0,21.75
8.711944010518437e-05,1.39510991212,11.0,6.0,22.25
6.923531594115702e-05,3.2836623762538446,11.0,6.0,22.75
6.0810419555311475e-05,2.2169860807036548,21.0,7.0,3.25
6.042349291553014e-05,2.8567979699384747,21.0,7.0,3.75
7.768429523012668e-05,1.1241025899200965,21.0,7.0,4.25
9.572533372046714e-05,0.298538514746605,21.0,7.0,4.75
9.885540625658454e-05,0.7424129047900335,21.0,7.0,5.25
5.667616402657921e-05,1.9255466483186991,21.0,7.0,5.75
6.31304109209093e-05,2.3030271172893118,21.0,7.0,6.25
8.731131268213982e-05,0.24812812611784524,21.0,7.0,6.75
7.892994374668341e-05,2.2765123204192226,21.0,7.0,7.25
6.495456114262607e-05,2.821140495841325,21.0,7.0,7.75
7.482733203828618e-05,2.6469084946558943,21.0,7.0,8.25
6.883410557522734e-05,3.1462851060808066,21.0,7.0,8.75
7.937933997312975e-05,2.439453195205413,21.0,7.0,9.25
5.014926854802685e-05,3.209036535293236,21.0,7.0,9.75
8.492921436022648e-05,0.5373535331515406,21.0,7.0,10.25
9.228794841794294e-05,0.2446956860050425,21.0,7.0,10.75
7.947271012352704e-05,2.956749965339167,21.0,7.0,11.25
7.667355183591366e-05,3.083808751347396,21.0,7.0,11.75
5.68277106717963e-05,1.858901819331047,21.0,7.0,12.25
6.267978337576614e-05,3.144619176927824,21.0,7.0,12.75
7.956904079758113e-05,2.0711808458394043,21.0,7.0,13.25
4.493890003384212e-05,3.0363593454740383,21.0,7.0,13.75
6.271406023858248e-05,2.5414221626087983,21.0,7.0,14.25
7.523763991677636e-05,2.7127852007911817,21.0,7.0,14.75
0.00010009038970701706,1.0358367565503148,21.0,7.0,15.25
8.015135817911809e-05,0.6245383600500273,21.0,7.0,15.75
7.594373136760668e-05,2.065924616797012,21.0,7.0,16.25
7.316386626246111e-05,2.7184399233322374,21.0,7.0,16.75
6.805597493179854e-05,2.3488477672157764,21.0,7.0,17.25
7.171438481646968e-05,0.4569377453187255,21.0,7.0,17.75
6.35181297708443e-05,1.7673652713630403,21.0,7.0,18.25
6.447601762319865e-05,2.738515244253517,21.0,7.0,18.75
7.182850624535951e-05,3.141282956334837,21.0,7.0,19.25
8.269291608781075e-05,1.907750682077892,21.0,7.0,19.75
9.170960463381276e-05,0.4068263200461305,21.0,7.0,20.25
0.00010671077800618477,0.22492484057530604,21.0,7.0,20.75
9.664932685424834e-05,0.1351994455604061,21.0,7.0,21.25
6.843088306324082e-05,2.684947920441811,21.0,7.0,21.75
5.625650384147426e-05,2.346838246497064,21.0,7.0,22.25
5.700599010306064e-05,2.8305325322028647,21.0,7.0,22.75
9.509878937342394e-05,0.2117925521958575,31.0,8.0,3.25
0.00012538509915311684,0.1937145113357012,31.0,8.0,3.75
0.00010979557457711867,0.4176746694967144,31.0,8.0,4.25
7.083597136492012e-05,2.1651618852371506,31.0,8.0,4.75
9.234359658652868e-05,0.9601807517413212,31.0,8.0,5.25
4.451014092770421e-05,2.3977999881879373,31.0,8.0,5.75
5.070821904267688e-05,1.6449651426577447,31.0,8.0,6.25
7.136974301484598e-05,2.795609225173181,31.0,8.0,6.75
9.641514297225978e-05,0.9065964649609028,31.0,8.0,7.25
5.473941761141015e-05,2.4862877592162613,31.0,8.0,7.75
7.649716324093e-05,0.5750469263445219,31.0,8.0,8.25
2.693261812895073e-05,2.172324646941582,31.0,8.0,8.75
9.500943388014912e-05,1.0648055983758171,31.0,8.0,9.25
0.00010126187288832188,0.1705941911743711,31.0,8.0,9.75
5.1820400314753556e-05,1.809006669013285,31.0,8.0,10.25
9.163146262965036e-05,0.6639163304228202,31.0,8.0,10.75
3.1735851931501344e-05,1.8376028413576555,31.0,8.0,11.25
3.2223055669479686e-05,2.016481460909472,31.0,8.0,11.75
7.032869655243518e-05,1.7342791012684382,31.0,8.0,12.25
0.00011406913382538909,0.511192213752094,31.0,8.0,12.75
6.276585985039238e-05,2.189899849381664,31.0,8.0,13.25
7.441743976749689e-05,0.6282025240237671,31.0,8.0,13.75
0.0001402051212159497,0.2425326086569493,31.0,8.0,14.25
0.00012132749002289153,0.492309097724697,31.0,8.0,14.75
4.457438233466591e-05,1.7024606833192983,31.0,8.0,15.25
4.907534907819258e-05,1.8628229239124297,31.0,8.0,15.75
6.524465242514802e-05,2.755706874560046,31.0,8.0,16.25
7.51533922447054e-05,0.9165210411162588,31.0,8.0,16.75
7.618566509463748e-05,1.116664413918282,31.0,8.0,17.25
9.626737883131856e-05,0.3432271263269113,31.0,8.0,17.75
7.564814060505301e-05,1.5849704032908205,31.0,8.0,18.25
0.00010717942963900983,0.2096059584591674,31.0,8.0,18.75
0.000117469820914344,0.1918396330767065,31.0,8.0,19.25
9.160098138449628e-05,0.09495527837505413,31.0,8.0,19.75
0.0001492308444344849,0.22677011585141085,31.0,8.0,20.25
0.00010415958969750684,0.15491683797907238,31.0,8.0,20.75
5.982609859879547e-05,1.502527743433273,31.0,8.0,21.25
3.176268942776137e-05,1.7830959498384191,31.0,8.0,21.75
2.747781293002323e-05,1.8828886873240271,31.0,8.0,22.25
0.00011431673225459348,0.1610444120375704,31.0,8.0,22.75
6.541507900679447e-05,2.1478460648820423,1.0,9.0,3.25
8.197051979365415e-05,3.177969523744166,1.0,9.0,3.75
8.857887641865086e-05,1.0770761817599757,1.0,9.0,4.25
8.173237465874699e-05,1.3299681283938072,1.0,9.0,4.75
7.575807900940366e-05,0.7292316997107257,1.0,9.0,5.25
6.670097277392209e-05,1.82779516726032,1.0,9.0,5.75
6.249503954893629e-05,3.0733461937568207,1.0,9.0,6.25
8.102010373533463e-05,0.29489141254417794,1.0,9.0,6.75
6.0954854230771364e-05,2.9410334115648524,1.0,9.0,7.25
6.128783872152513e-05,3.3766719947926083,1.0,9.0,7.75
7.6738700333308e-05,2.866542043116364,1.0,9.0,8.25
4.771776163361964e-05,3.190747533084278,1.0,9.0,8.75
5.245113175173657e-05,3.490008515831072,1.0,9.0,9.25
5.41637880620224e-05,3.417594643908098,1.0,9.0,9.75
6.865385873191343e-05,2.6775050882043483,1.0,9.0,10.25
5.191927270817952e-05,3.5223986324859897,1.0,9.0,10.75
5.708927807280543e-05,2.012743525950408,1.0,9.0,11.25
8.559229057463363e-05,3.4063849720294046,1.0,9.0,11.75
7.662836709613467e-05,3.014051353698447,1.0,9.0,12.25
5.666587395708263e-05,3.4578389054631247,1.0,9.0,12.75
5.7981860856866944e-05,2.9717533187198137,1.0,9.0,13.25
6.3386687671361e-05,3.683404267973365,1.0,9.0,13.75
6.150703330916385e-05,3.654886392745576,1.0,9.0,14.25
7.112546247871511e-05,3.4387401223321317,1.0,9.0,14.75
5.282274783650359e-05,3.4702523449801026,1.0,9.0,15.25
8.058467808457787e-05,2.8748374813620416,1.0,9.0,15.75
6.909145642367787e-05,2.911141162627977,1.0,9.0,16.25
6.001093633620823e-05,3.7521687939515616,1.0,9.0,16.75
6.991031988502198e-05,2.5341826772784883,1.0,9.0,17.25
5.81605771849389e-05,2.9781906483389697,1.0,9.0,17.75
5.498884290507541e-05,2.75224113160595,1.0,9.0,18.25
7.842042129581838e-05,1.3207197139779026,1.0,9.0,18.75
7.767902890640514e-05,3.120557563385058,1.0,9.0,19.25
5.621594817439837e-05,2.9479945704459727,1.0,9.0,19.75
7.3080981758002e-05,2.9440308149567462,1.0,9.0,20.25
8.040920045058671e-05,2.5438317187516506,1.0,9.0,20.75
4.460448878153081e-05,3.1881632309214503,1.0,9.0,21.25
6.508363504888736e-05,2.4576151053800843,1.0,9.0,21.75
7.809126963574421e-05,1.9600683870137718,1.0,9.0,22.25
6.379392993587016e-05,2.9186355981955856,1.0,9.0,22.75
6.351828460129834e-05,2.8623624146160944,11.0,10.0,3.25
6.850665756361991e-05,0.3464145916386765,11.0,10.0,3.75
7.316271274335156e-05,2.198751261570653,11.0,10.0,4.25
7.736152471086999e-05,1.6704758971496163,11.0,10.0,4.75
6.575911028989547e-05,1.9638394913377488,11.0,10.0,5.25
6.696864413013355e-05,3.2414035267460184,11.0,10.0,5.75
6.0747675737307126e-05,2.744955411079616,11.0,10.0,6.25
5.518741784198629e-05,3.1972005643102284,11.0,10.0,6.75
7.00560833487052e-05,2.2449186556544967,11.0,10.0,7.25
5.415718879620692e-05,2.7707456849336043,11.0,10.0,7.75
7.139986410050333e-05,2.6416066604738195,11.0,10.0,8.25
6.538231108608229e-05,2.4845993817660976,11.0,10.0,8.75
6.649231930051578e-05,2.9093877455094432,11.0,10.0,9.25
5.682050754129147e-05,2.454891208931776,11.0,10.0,9.75
6.483632658577389e-05,3.327833450253028,11.0,10.0,10.25
6.225187380861108e-05,2.4506141931322785,11.0,10.0,10.75
8.454344783163265e-05,2.1190918426056333,11.0,10.0,11.25
5.039429889755722e-05,3.178439250364264,11.0,10.0,11.75
6.806370856376314e-05,2.037050545367363,11.0,10.0,12.25
6.099573700132296e-05,2.7812045825712777,11.0,10.0,12.75
7.440928531435753e-05,1.2829908549433855,11.0,10.0,13.25
6.955360343405757e-05,3.313268848267681,11.0,10.0,13.75
6.289161396030673e-05,2.9865739941021068,11.0,10.0,14.25
7.649666451224347e-05,1.8580290988841608,11.0,10.0,14.75
7.638580202604517e-05,0.15495179837460707,11.0,10.0,15.25
8.766264861408215e-05,0.6502475119707042,11.0,10.0,15.75
6.58748306129042e-05,2.6220819866886864,11.0,10.0,16.25
6.503855544729819e-05,3.3545700289530496,11.0,10.0,16.75
5.778769376692221e-05,2.8799398896576034,11.0,10.0,17.25
5.047894701171621e-05,2.2736175136138748,11.0,10.0,17.75
6.219145515983696e-05,3.3638761392010714,11.0,10.0,18.25
7.468294296627172e-05,0.9979119684377974,11.0,10.0,18.75
7.027108243230017e-05,3.2981768016833257,11.0,10.0,19.25
5.879176754605006e-05,3.36270808835334,11.0,10.0,19.75
6.486184898202375e-05,3.6313774578986715,11.0,10.0,20.25
6.0722493202048645e-05,3.140735155909835,11.0,10.0,20.75
6.023696832886329e-05,3.791679487572456,11.0,10.0,21.25
6.67142901816021e-05,2.6307100259787597,11.0,10.0,21.75
6.238759249618784e-05,2.8166337554383936,11.0,10.0,22.25
7.696018124135288e-05,2.3758841882883126,11.0,10.0,22.75
7.165229509029291e-05,2.123683954210434,21.0,11.0,3.25
8.85658264872379e-05,1.5472643568073303,21.0,11.0,3.75
7.473630416420653e-05,0.3820311188828537,21.0,11.0,4.25
7.816331846787859e-05,0.11490494711418375,21.0,11.0,4.75
9.414936091986162e-05,0.17823861896558954,21.0,11.0,5.25
6.455636702288216e-05,2.9933298831560764,21.0,11.0,5.75
5.691212200734029e-05,3.4038951372345183,21.0,11.0,6.25
6.297388040900088e-05,3.006445834006,21.0,11.0,6.75
6.263178917989503e-05,3.198990122554897,21.0,11.0,7.25
7.35361516684368e-05,1.5554831419251554,21.0,11.0,7.75
6.788536819801223e-05,3.3815912877651675,21.0,11.0,8.25
5.5128363609645693e-05,2.8381892408478304,21.0,11.0,8.75
7.454950637318783e-05,1.7793393043973766,21.0,11.0,9.25
7.004434948770101e-05,3.227926823256485,21.0,11.0,9.75
7.85981722221963e-05,3.1988518904601904,21.0,11.0,10.25
8.302768677357913e-05,0.12624972922588673,21.0,11.0,10.75
7.367413200476254e-05,2.749010918336622,21.0,11.0,11.25
9.590524923221588e-05,0.2235552770462912,21.0,11.0,11.75
8.292831921958969e-05,0.3789299821093684,21.0,11.0,12.25
0.00010122430814948059,1.2335243808981102,21.0,11.0,12.75
7.56233177141102e-05,2.213031859653505,21.0,11.0,13.25
7.254198782316983e-05,2.6029030263948902,21.0,11.0,13.75
7.747833934497892e-05,2.555713858417336,21.0,11.0,14.25
7.882851543142921e-05,2.221331006475632,21.0,11.0,14.75
6.886640782137991e-05,2.764224388606677,21.0,11.0,15.25
4.912687870882501e-05,2.8922998365012216,21.0,11.0,15.75
6.73865162165531e-05,3.1674905078542697,21.0,11.0,16.25
6.44192155281581e-05,2.639390640170761,21.0,11.0,16.75
7.291658723641316e-05,3.2497295888657853,21.0,11.0,17.25
5.918901257733896e-05,3.0832265394302456,21.0,11.0,17.75
7.092504317550583e-05,2.305772294315319,21.0,11.0,18.25
5.303702305022209e-05,2.266822177369268,21.0,11.0,18.75
6.628675710568513e-05,2.853683448072684,21.0,11.0,19.25
8.294314036204095e-05,0.4845912817486517,21.0,11.0,19.75
7.880210777644923e-05,1.8767957367986832,21.0,11.0,20.25
6.424557449375248e-05,2.783961667783814,21.0,11.0,20.75
5.734011171908082e-05,2.487483524614728,21.0,11.0,21.25
6.413532125403373e-05,2.972490462947292,21.0,11.0,21.75
7.063771326061527e-05,2.1361349723153737,21.0,11.0,22.25
8.931055521103766e-05,1.229757842211448,21.0,11.0,22.75
8.792894831044943e-05,0.2060310152970538,31.0,12.0,3.25
8.88142579897827e-05,0.5671171728491119,31.0,12.0,3.75
6.22695774920671e-05,1.7342111383220082,31.0,12.0,4.25
0.00010111838615519185,0.1239708448361194,31.0,12.0,4.75
0.0001150798093599477,0.11798024809825867,31.0,12.0,5.25
8.338874663025699e-05,0.3121769379714309,31.0,12.0,5.75
4.5167607788255654e-05,2.3786865390370298,31.0,12.0,6.25
8.224594753437969e-05,0.4354684264285659,31.0,12.0,6.75
9.854112339456524e-05,0.2620999175037255,31.0,12.0,7.25
6.948335973728975e-05,2.096660857041517,31.0,12.0,7.75
0.00010155767747236159,0.6112457352898886,31.0,12.0,8.25
3.336543203295747e-05,2.168839092232229,31.0,12.0,8.75
2.339324602019025e-05,2.101986400853064,31.0,12.0,9.25
5.586999727511711e-05,2.2096747120306315,31.0,12.0,9.75
6.82753733716125e-05,1.2248996873194455,31.0,12.0,10.25
0.00010136574254866252,0.2084458523884708,31.0,12.0,10.75
0.00011026376065664749,0.30647447896232033,31.0,12.0,11.25
5.2148725780959023e-05,2.2071832061832533,31.0,12.0,11.75
3.637834791115159e-05,2.229161594947481,31.0,12.0,12.25
9.814296712728776e-05,0.2291833257452613,31.0,12.0,12.75
9.823125712112794e-05,0.25049502273404634,31.0,12.0,13.25
7.143978021190378e-05,0.1827295989845372,31.0,12.0,13.75
0.00013075718027266752,0.3084443593850502,31.0,12.0,14.25
8.81941175084975e-05,0.9014902711775276,31.0,12.0,14.75
6.611587327140361e-05,2.6739962262056096,31.0,12.0,15.25
5.638604812060644e-05,2.0456576809865057,31.0,12.0,15.75
2.8658112370394567e-05,2.1208726021090047,31.0,12.0,16.25
8.527334046592827e-05,0.5913053735066008,31.0,12.0,16.75
5.264580640239436e-05,2.5101087777621403,31.0,12.0,17.25
8.230923599499429e-05,0.8124717820381113,31.0,12.0,17.75
9.497211287534107e-05,0.2984123046503281,31.0,12.0,18.25
0.0001105122863530644,0.3948146796049043,31.0,12.0,18.75
8.315587058354197e-05,0.8546596286677521,31.0,12.0,19.25
6.662135807429798e-05,1.8383708770366287,31.0,12.0,19.75
5.742642336244806e-05,0.7201573966064093,31.0,12.0,20.25
8.606355446914236e-05,0.5359540359315917,31.0,12.0,20.75
7.318745936211106e-05,2.2464502783279703,31.0,12.0,21.25
0.000135189258522273,0.3218792371508389,31.0,12.0,21.75
8.058673563108762e-05,1.10078037341474,31.0,12.0,22.25
5.746416646013176e-05,2.6899921132214666,31.0,12.0,22.75
6.405207641490433e-05,3.763978721053166,1.0,13.0,3.25
7.55098972059006e-05,3.1537786720943983,1.0,13.0,3.75
7.911946613649259e-05,2.1697715929246773,1.0,13.0,4.25
4.979427286968271e-05,3.9550446992682033,1.0,13.0,4.75
6.0471116364226724e-05,2.972518233984017,1.0,13.0,5.25
5.4085029065157895e-05,3.252931537076121,1.0,13.0,5.75
4.7283022056428774e-05,3.01306866074241,1.0,13.0,6.25
6.669784621450644e-05,2.7034364880061066,1.0,13.0,6.75
6.11002672948157e-05,2.11769450995979,1.0,13.0,7.25
6.398386661427157e-05,3.6104809697410207,1.0,13.0,7.75
5.177848740873526e-05,3.123245201982797,1.0,13.0,8.25
6.356851959722218e-05,3.3163896394098997,1.0,13.0,8.75
6.866146927910293e-05,3.7137866354792544,1.0,13.0,9.25
6.758551285859818e-05,2.7575838284653478,1.0,13.0,9.75
6.21413942963511e-05,3.2281281957837415,1.0,13.0,10.25
7.153801915042813e-05,3.036091190535196,1.0,13.0,10.75
7.139324413647479e-05,2.711872509353552,1.0,13.0,11.25
6.929765682008302e-05,3.4752553762175205,1.0,13.0,11.75
5.174806112224191e-05,2.5612071404259,1.0,13.0,12.25
5.725348231488525e-05,2.621039014172424,1.0,13.0,12.75
5.665213907533563e-05,2.8370520726028077,1.0,13.0,13.25
6.13391426779838e-05,2.37125119692854,1.0,13.0,13.75
9.224567888257054e-05,2.2548881302144848,1.0,13.0,14.25
7.894200539974108e-05,2.2913564027412194,1.0,13.0,14.75
7.714524793107005e-05,2.0320705167112307,1.0,13.0,15.25
7.001013309833696e-05,3.12325362425351,1.0,13.0,15.75
7.783023288111587e-05,0.334582105881094,1.0,13.0,16.25
5.7731646198055894e-05,2.9418649553538523,1.0,13.0,16.75
7.548392879200112e-05,3.0627245099924747,1.0,13.0,17.25
7.167661963446468e-05,1.0550510146286065,1.0,13.0,17.75
6.178408286916067e-05,3.2603373535249425,1.0,13.0,18.25
5.83311454883445e-05,2.9941926446133618,1.0,13.0,18.75
8.237639020191154e-05,2.7724678136722183,1.0,13.0,19.25
6.62242323438068e-05,3.391633420321624,1.0,13.0,19.75
8.535708825533631e-05,0.3187296986397153,1.0,13.0,20.25
7.418775134811282e-05,2.5469960286951716,1.0,13.0,20.75
5.6947960270844384e-05,2.236946363967025,1.0,13.0,21.25
8.113644772207815e-05,0.3375205874954591,1.0,13.0,21.75
5.218232206393345e-05,3.5479753125431364,1.0,13.0,22.25
6.832814518694084e-05,3.1358995524427544,1.0,13.0,22.75
5.585257111067494e-05,3.5771715663973405,11.0,14.0,3.25
5.168967918738314e-05,3.3986938465185936,11.0,14.0,3.75
5.600889637857596e-05,2.8761439193639577,11.0,14.0,4.25
8.236946105890806e-05,1.1815158104311383,11.0,14.0,4.75
0.0001015446961697334,0.7213146965264692,11.0,14.0,5.25
8.413404715528348e-05,0.4923785539896704,11.0,14.0,5.75
5.913750174283164e-05,3.1321936322056216,11.0,14.0,6.25
5.918242081231427e-05,2.733803273246384,11.0,14.0,6.75
5.48328912749168e-05,3.4199306717509974,11.0,14.0,7.25
6.292781798170165e-05,2.1366660702283427,11.0,14.0,7.75
7.027106795473508e-05,0.9564272110978496,11.0,14.0,8.25
6.31288451874693e-05,2.6347431138368846,11.0,14.0,8.75
6.695600079810911e-05,3.2634532180173887,11.0,14.0,9.25
4.742792518539074e-05,3.1556936341847366,11.0,14.0,9.75
4.660235486687517e-05,3.3412099791002188,11.0,14.0,10.25
5.9425938135245446e-05,3.0167241963913134,11.0,14.0,10.75
6.253584752866117e-05,2.9195621409237056,11.0,14.0,11.25
7.744486308102959e-05,0.5973011306793009,11.0,14.0,11.75
7.487433105307097e-05,3.5052826093724634,11.0,14.0,12.25
5.7407556559302064e-05,3.1152622071110803,11.0,14.0,12.75
6.365661142088727e-05,3.208876794331722,11.0,14.0,13.25
5.079916508090665e-05,3.625244229568936,11.0,14.0,13.75
6.228333269447645e-05,2.61440824057518,11.0,14.0,14.25
6.567749908523469e-05,2.9159083642927133,11.0,14.0,14.75
5.825992839789652e-05,2.9388375134037954,11.0,14.0,15.25
4.764790773008955e-05,3.511759578752266,11.0,14.0,15.75
6.0483421023299466e-05,3.7116222292426224,11.0,14.0,16.25
4.806654426855097e-05,2.678012863509984,11.0,14.0,16.75
5.379020496216774e-05,2.9707341085282915,11.0,14.0,17.25
6.25380865854924e-05,2.095847808181033,11.0,14.0,17.75
6.868397481611393e-05,2.4100935459891817,11.0,14.0,18.25
5.5067378409236874e-05,2.52776310055807,11.0,14.0,18.75
5.6064888860536184e-05,3.693831880440914,11.0,14.0,19.25
6.942622496808929e-05,2.4896733363545587,11.0,14.0,19.75
6.352243851097422e-05,2.9254503491767267,11.0,14.0,20.25
9.7299754276654e-05,0.34446249385645444,11.0,14.0,20.75
5.608814111877578e-05,2.054369427457784,11.0,14.0,21.25
5.94134704697668e-05,3.0131721741060966,11.0,14.0,21.75
8.928913156545633e-05,2.2499491603031307,11.0,14.0,22.25
7.91464445179019e-05,3.111706042413846,11.0,14.0,22.75
5.545917505187474e-05,2.4257574710445007,21.0,15.0,3.25
4.972877932529287e-05,2.7386691917759216,21.0,15.0,3.75
5.951458573606717e-05,1.8138440596631769,21.0,15.0,4.25
5.94704311137676e-05,2.1297434235493258,21.0,15.0,4.75
4.6557911560952117e-05,2.22198358491869,21.0,15.0,5.25
7.259396789000554e-05,2.0886121672210463,21.0,15.0,5.75
6.710352350017753e-05,1.9730130176663945,21.0,15.0,6.25
7.661195826441549e-05,2.36829559189571,21.0,15.0,6.75
6.325568406197903e-05,2.865249778661004,21.0,15.0,7.25
5.7113492507203796e-05,3.165156935032156,21.0,15.0,7.75
7.2547863997617e-05,2.3646700975193347,21.0,15.0,8.25
9.733737102944101e-05,0.635925292242667,21.0,15.0,8.75
6.540667637902912e-05,2.599172951119442,21.0,15.0,9.25
5.8507718757919496e-05,2.771848621887637,21.0,15.0,9.75
6.634298168237926e-05,1.297737768984092,21.0,15.0,10.25
8.729497033827217e-05,3.0439662239431096,21.0,15.0,10.75
9.215853215427226e-05,0.22248457269618951,21.0,15.0,11.25
7.442248276806591e-05,2.4453479838307546,21.0,15.0,11.75
7.681805401681921e-05,2.048542899929279,21.0,15.0,12.25
7.429667035760315e-05,2.734194773783304,21.0,15.0,12.75
5.379630532864042e-05,3.0133920264412786,21.0,15.0,13.25
6.791624942743559e-05,2.230831888331763,21.0,15.0,13.75
6.431258361679598e-05,3.0117893047510496,21.0,15.0,14.25
7.07504040529627e-05,2.25372112420322,21.0,15.0,14.75
6.2381330643687e-05,3.157856961316633,21.0,15.0,15.25
7.329484124417859e-05,2.601206461306116,21.0,15.0,15.75
7.424119502268096e-05,2.6108445098020683,21.0,15.0,16.25
7.631532037236022e-05,2.0982811207948555,21.0,15.0,16.75
6.193401995470105e-05,2.660971238164506,21.0,15.0,17.25
5.887757061166178e-05,2.9857842294037646,21.0,15.0,17.75
6.484799143103731e-05,2.789433813360991,21.0,15.0,18.25
7.31605465349316e-05,2.411440644503482,21.0,15.0,18.75
7.353311840330859e-05,2.5852707644922184,21.0,15.0,19.25
8.265464008985357e-05,2.2833267084083366,21.0,15.0,19.75
7.259225711712009e-05,2.534339836489936,21.0,15.0,20.25
5.838349446676711e-05,2.8504204701805755,21.0,15.0,20.75
7.257747007889201e-05,2.2307871985132106,21.0,15.0,21.25
5.63387126158945e-05,3.5434063860759486,21.0,15.0,21.75
7.602093558729002e-05,2.9564855860166857,21.0,15.0,22.25
5.295301068640895e-05,3.3025299440304283,21.0,15.0,22.75
8.279159993659053e-05,0.6139003127804298,31.0,16.0,3.25
0.00011570068789959543,0.5823794886306051,31.0,16.0,3.75
8.598841747595024e-05,0.14067831198828926,31.0,16.0,4.25
3.246835290870512e-05,1.6227424605608494,31.0,16.0,4.75
3.469875089115459e-05,2.1206404403170724,31.0,16.0,5.25
7.016457851963697e-05,1.4834317161052435,31.0,16.0,5.75
8.611474733558282e-05,0.2415533069275872,31.0,16.0,6.25
7.540144612425317e-05,2.201643900754738,31.0,16.0,6.75
7.283820851220213e-05,1.3353996028529906,31.0,16.0,7.25
8.779519067851605e-05,0.218362399098018,31.0,16.0,7.75
0.00010172152736060542,0.1638182924020933,31.0,16.0,8.25
0.00011437207914851189,0.17854478999611886,31.0,16.0,8.75
0.0001204542752140218,0.2527209449174194,31.0,16.0,9.25
0.00010365865881014705,0.364724468978537,31.0,16.0,9.75
3.714797616769007e-05,2.4073987530428123,31.0,16.0,10.25
6.441253064667785e-05,1.0598080316786775,31.0,16.0,10.75
0.00013119873098829018,0.6993197978988162,31.0,16.0,11.25
9.799415223620113e-05,0.34413064938475185,31.0,16.0,11.75
0.00011903107978614073,0.19783590142585125,31.0,16.0,12.25
0.0001232592997104886,0.2348948558182132,31.0,16.0,12.75
9.59149927908329e-05,0.3304484786358574,31.0,16.0,13.25
0.0001089766810318008,0.17885374292435394,31.0,16.0,13.75
9.750573722313216e-05,0.15924068663413626,31.0,16.0,14.25
0.00012434997727454167,0.2668550128495426,31.0,16.0,14.75
0.00010752132530536388,0.2021293931374744,31.0,16.0,15.25
9.779177134806052e-05,0.13356172696863786,31.0,16.0,15.75
7.79508394309069e-05,1.7514811531922336,31.0,16.0,16.25
9.528056426882184e-05,0.514796661422394,31.0,16.0,16.75
0.00011232307711146998,0.6302334041950953,31.0,16.0,17.25
0.00010902725847167202,0.17543053983183635,31.0,16.0,17.75
0.00010713973344012636,0.11134965704616688,31.0,16.0,18.25
0.0001374933175914982,0.12639406352598642,31.0,16.0,18.75
0.00011263477750203748,0.1687852823020567,31.0,16.0,19.25
7.641746545047185e-05,1.2932866948856494,31.0,16.0,19.75
5.15112766301156e-05,2.6898405249049846,31.0,16.0,20.25
0.00011189739127913916,0.21312266885240266,31.0,16.0,20.75
8.078045689354375e-05,0.16320548557960554,31.0,16.0,21.25
0.00011006135330038847,0.12789598737302585,31.0,16.0,21.75
0.000101075295224773,0.4399315346179497,31.0,16.0,22.25
0.000122773926279792,0.2254994018768892,31.0,16.0,22.75
6.041838785616019e-05,2.5448225456795543,1.0,17.0,3.25
5.769020649568565e-05,2.8690761584195457,1.0,17.0,3.75
6.0379835300759705e-05,2.389495106845072,1.0,17.0,4.25
8.268483258218476e-05,0.4566956098186851,1.0,17.0,4.75
5.569314559347589e-05,2.5898725474043296,1.0,17.0,5.25
7.012468580003171e-05,2.233452993674987,1.0,17.0,5.75
7.038488248827097e-05,2.838167595614609,1.0,17.0,6.25
5.7472279139276636e-05,1.639568473500758,1.0,17.0,6.75
7.556604548465699e-05,2.9406311273038934,1.0,17.0,7.25
5.341010288418496e-05,2.800394320339677,1.0,17.0,7.75
9.487080846957764e-05,0.5547385489551167,1.0,17.0,8.25
6.400455308588851e-05,3.0787765443506308,1.0,17.0,8.75
5.9247741344883435e-05,3.1870291464724283,1.0,17.0,9.25
6.058359234574e-05,3.1306130349817205,1.0,17.0,9.75
5.904966428339095e-05,3.4899568211554377,1.0,17.0,10.25
5.196572424149061e-05,2.1154055556183358,1.0,17.0,10.75
6.549689339311709e-05,1.3053164911868642,1.0,17.0,11.25
7.313104588624585e-05,3.351276939756993,1.0,17.0,11.75
6.855039994384272e-05,2.8083333654572247,1.0,17.0,12.25
8.405505317833116e-05,3.0634719858062645,1.0,17.0,12.75
7.618448748186305e-05,1.6216482608740823,1.0,17.0,13.25
4.801722591804183e-05,3.0285437251863567,1.0,17.0,13.75
6.953029381867116e-05,3.0233173718274298,1.0,17.0,14.25
6.72991043726736e-05,2.436969596995377,1.0,17.0,14.75
6.75357026341721e-05,1.4357151520522091,1.0,17.0,15.25
6.554967525829338e-05,2.2980154173892906,1.0,17.0,15.75
6.223944061774838e-05,2.8177350637018264,1.0,17.0,16.25
5.6857788248056496e-05,3.372285245038352,1.0,17.0,16.75
6.363974306970308e-05,2.3720817860182786,1.0,17.0,17.25
6.558294539359877e-05,2.7983278206388094,1.0,17.0,17.75
5.8946508038011035e-05,1.7683700727765186,1.0,17.0,18.25
5.5142941603007325e-05,2.9888845839605698,1.0,17.0,18.75
5.068596659475938e-05,3.652145363436533,1.0,17.0,19.25
6.250443447419261e-05,3.6229734508852935,1.0,17.0,19.75
5.1023701092476645e-05,3.4337569448899985,1.0,17.0,20.25
6.573345730370353e-05,2.744866829643069,1.0,17.0,20.75
5.9051444511229685e-05,3.613170980273823,1.0,17.0,21.25
5.629725642929572e-05,4.1362409487224125,1.0,17.0,21.75
6.2221866185593e-05,3.2564025374838463,1.0,17.0,22.25
5.323786009640277e-05,3.326559424191973,1.0,17.0,22.75
6.540059847314352e-05,2.2285833806356408,11.0,18.0,3.25
7.62990439074386e-05,1.9438567472467088,11.0,18.0,3.75
8.871154270008211e-05,3.0615175303635715,11.0,18.0,4.25
5.674960251983887e-05,3.0998418341553533,11.0,18.0,4.75
8.163215694564781e-05,1.9716815370028216,11.0,18.0,5.25
8.426024605385554e-05,3.423341043116252,11.0,18.0,5.75
6.793986116658237e-05,3.1353408166348107,11.0,18.0,6.25
0.00010236107325421398,0.5491976596141603,11.0,18.0,6.75
7.682423742916564e-05,2.1516351603434387,11.0,18.0,7.25
6.46352737837851e-05,2.5423447574497464,11.0,18.0,7.75
6.603919260493136e-05,3.055185239464912,11.0,18.0,8.25
5.5918950187238504e-05,3.031193280945594,11.0,18.0,8.75
5.484303922674609e-05,2.5101826200974515,11.0,18.0,9.25
6.43334655694933e-05,3.3336018724829435,11.0,18.0,9.75
7.97475241882397e-05,3.1512308318621427,11.0,18.0,10.25
8.114398197994696e-05,0.16801101014444444,11.0,18.0,10.75
8.067524683952816e-05,0.23633188489256884,11.0,18.0,11.25
9.085906723066748e-05,0.1818004274751584,11.0,18.0,11.75
8.203286371758164e-05,1.1427983842510785,11.0,18.0,12.25
6.0333561717965686e-05,3.387689434269416,11.0,18.0,12.75
7.819371430326918e-05,3.358872810459532,11.0,18.0,13.25
5.754089149399834e-05,3.786065148849652,11.0,18.0,13.75
5.32441856537939e-05,0.33044195376587016,11.0,18.0,14.25
6.789355082582012e-05,3.190656546907503,11.0,18.0,14.75
5.2807122976331264e-05,3.227123520485278,11.0,18.0,15.25
7.610406939271236e-05,2.597283237129873,11.0,18.0,15.75
5.026969597153363e-05,3.5572906674587044,11.0,18.0,16.25
4.23259625439823e-05,3.4013175217710767,11.0,18.0,16.75
6.362708343356682e-05,3.519532412020042,11.0,18.0,17.25
8.080055144768007e-05,1.5330716631685268,11.0,18.0,17.75
7.085384809795507e-05,0.5116654108651473,11.0,18.0,18.25
8.17410832919317e-05,2.46638443060994,11.0,18.0,18.75
8.904886806926571e-05,2.111696086764105,11.0,18.0,19.25
5.459121480824712e-05,2.9641797195076185,11.0,18.0,19.75
8.720652274390256e-05,1.6244585836736605,11.0,18.0,20.25
7.344992520220236e-05,3.599610108250487,11.0,18.0,20.75
4.637504288401346e-05,2.525953720071374,11.0,18.0,21.25
9.106237237601795e-05,2.295917197750811,11.0,18.0,21.75
6.309093783984205e-05,2.655215330230118,11.0,18.0,22.25
7.149454652671733e-05,2.2555511941067556,11.0,18.0,22.75
6.532895799727398e-05,2.8230403905658195,21.0,19.0,3.25
9.368433627799057e-05,2.3755359172897315,21.0,19.0,3.75
6.709265577540216e-05,3.0500769110203603,21.0,19.0,4.25
6.052697039005893e-05,2.6534935046609167,21.0,19.0,4.75
6.545227491148524e-05,2.358244224114729,21.0,19.0,5.25
8.323167728469334e-05,3.191464097909672,21.0,19.0,5.75
9.610597530731791e-05,0.20583203058371544,21.0,19.0,6.25
6.295241118867918e-05,3.2997043032446562,21.0,19.0,6.75
6.755300312828437e-05,2.2788576074573283,21.0,19.0,7.25
8.071883932445145e-05,1.941680561516791,21.0,19.0,7.75
6.712776793611186e-05,2.434948313553349,21.0,19.0,8.25
4.55058079894232e-05,2.86560363885758,21.0,19.0,8.75
7.851100118319041e-05,2.0074842018266663,21.0,19.0,9.25
6.170431917448127e-05,3.2397094438437204,21.0,19.0,9.75
6.629016382781755e-05,2.1228671763506783,21.0,19.0,10.25
6.171611144455967e-05,2.94053575171608,21.0,19.0,10.75
5.0927368453626424e-05,2.621723944996716,21.0,19.0,11.25
7.558794888033011e-05,0.9939847518834986,21.0,19.0,11.75
7.88701220345178e-05,0.6676872917480208,21.0,19.0,12.25
6.366607192924595e-05,2.2233785748816497,21.0,19.0,12.75
9.272452162585708e-05,0.18423961599060465,21.0,19.0,13.25
8.85220055255117e-05,0.12038175889229642,21.0,19.0,13.75
5.760433917559333e-05,1.9955291405800784,21.0,19.0,14.25
5.3722957083170114e-05,1.9749038486026231,21.0,19.0,14.75
7.995997820832181e-05,1.2964138292038825,21.0,19.0,15.25
9.830066051138969e-05,1.9593535138880247,21.0,19.0,15.75
0.00010447028902811494,0.33380728660004777,21.0,19.0,16.25
0.00010244421056719048,0.32355519039066394,21.0,19.0,16.75
6.5169138299858e-05,2.469991900953603,21.0,19.0,17.25
0.00010416724991668852,0.2408447424548698,21.0,19.0,17.75
7.695457234214062e-05,2.0338967034278435,21.0,19.0,18.25
5.99610019871202e-05,0.5459589855719548,21.0,19.0,18.75
5.932869329000967e-05,2.8447826083839645,21.0,19.0,19.25
9.538536905748868e-05,0.15159577530885465,21.0,19.0,19.75
5.367427909450797e-05,3.1974617237483076,21.0,19.0,20.25
5.847473729905439e-05,3.229363410295352,21.0,19.0,20.75
7.563770032388247e-05,0.09574780612377523,21.0,19.0,21.25
8.755225514511175e-05,0.19909344926813707,21.0,19.0,21.75
8.786773312517049e-05,0.13822332584973135,21.0,19.0,22.25
9.710243426037472e-05,0.7577977992607579,21.0,19.0,22.75
9.91447328782973e-05,0.3776886443508063,31.0,20.0,3.25
0.0001281785039067714,0.288903161600354,31.0,20.0,3.75
0.00012651867118743375,0.11831202784852406,31.0,20.0,4.25
6.862084105095123e-05,3.032865239442188,31.0,20.0,4.75
6.80062040753652e-05,2.012476433419045,31.0,20.0,5.25
2.016503063706562e-05,2.2749616203521423,31.0,20.0,5.75
3.2066319180113106e-05,2.119716562995937,31.0,20.0,6.25
2.6567277097688394e-05,2.080369068850117,31.0,20.0,6.75
8.438407981336686e-05,0.4350301470404114,31.0,20.0,7.25
4.959492906344362e-05,2.3297709040539525,31.0,20.0,7.75
5.338144442014608e-05,0.42778748221613455,31.0,20.0,8.25
0.00011383993029033345,0.09532487178150142,31.0,20.0,8.75
7.705215588186908e-05,1.6319745635898442,31.0,20.0,9.25
4.802246030203604e-05,2.229413306835761,31.0,20.0,9.75
8.867651240553059e-05,0.28607075344220245,31.0,20.0,10.25
0.00010630449796627976,0.1980641050950891,31.0,20.0,10.75
0.00011923819239960688,0.6923588210701433,31.0,20.0,11.25
4.566190228158608e-05,1.7867308227453884,31.0,20.0,11.75
8.153079861509045e-05,0.4715928737256043,31.0,20.0,12.25
9.917774910774565e-05,0.45569443280392297,31.0,20.0,12.75
0.00010924559672411848,0.2509672585349821,31.0,20.0,13.25
0.00010236045163466316,0.14012860524850934,31.0,20.0,13.75
0.0001058399794292088,0.1809222967385405,31.0,20.0,14.25
7.338595596172363e-05,2.454441796292227,31.0,20.0,14.75
8.396771182788863e-05,0.8352948242536992,31.0,20.0,15.25
0.00010884765067635292,0.2304714512602977,31.0,20.0,15.75
0.00012843393563364552,0.186038784100034,31.0,20.0,16.25
9.508277484538819e-05,1.4421466094726387,31.0,20.0,16.75
0.0001391173616916493,0.10207126946442173,31.0,20.0,17.25
0.00010683847459773266,0.23352470263211794,31.0,20.0,17.75
6.459945949839072e-05,2.770496755794781,31.0,20.0,18.25
0.00011307148774397517,0.219689597423022,31.0,20.0,18.75
8.758982368029353e-05,0.3140595271270031,31.0,20.0,19.25
0.00013183668097258288,0.3248498777205658,31.0,20.0,19.75
7.020719660524448e-05,1.1377007936026644,31.0,20.0,20.25
8.018040200249602e-05,0.33193984232350154,31.0,20.0,20.75
9.07832396312041e-05,0.8709251369178566,31.0,20.0,21.25
6.6056353194169e-05,1.4909016295552648,31.0,20.0,21.75
0.00011586974786729528,0.463286297743196,31.0,20.0,22.25
9.737721226198456e-05,0.4346373930738179,31.0,20.0,22.75
6.470079842273606e-05,2.5822253912968223,1.0,21.0,3.25
5.043147645526627e-05,3.001423570175666,1.0,21.0,3.75
4.837200776435594e-05,2.826543364471615,1.0,21.0,4.25
6.091457405030793e-05,3.168365131131832,1.0,21.0,4.75
9.951195523686883e-05,0.7826549376180619,1.0,21.0,5.25
4.935375049537964e-05,3.712236286471446,1.0,21.0,5.75
7.182384314633234e-05,2.8363700079606384,1.0,21.0,6.25
6.71491028721989e-05,2.754747658811713,1.0,21.0,6.75
5.747971556078396e-05,3.0488667944848187,1.0,21.0,7.25
8.174587964862235e-05,0.8830808984143522,1.0,21.0,7.75
5.914004523480715e-05,3.4858778443441394,1.0,21.0,8.25
5.131388913374154e-05,3.5773006960803704,1.0,21.0,8.75
5.165902388087896e-05,2.82532601903943,1.0,21.0,9.25
7.203768949420437e-05,3.1437607681344093,1.0,21.0,9.75
6.356818114019533e-05,2.549565158539924,1.0,21.0,10.25
5.0620441213539804e-05,3.0078711018092634,1.0,21.0,10.75
5.7221412197126834e-05,3.164278602320387,1.0,21.0,11.25
7.491302371633492e-05,2.8960369560523165,1.0,21.0,11.75
5.969376308316092e-05,2.2457685461282195,1.0,21.0,12.25
7.045468257993962e-05,3.3687010123255483,1.0,21.0,12.75
6.233646211003979e-05,3.6293896866520017,1.0,21.0,13.25
8.156305428005944e-05,2.6369161098089178,1.0,21.0,13.75
5.205558052663449e-05,3.199393493492632,1.0,21.0,14.25
5.488882983976778e-05,3.4196790297546817,1.0,21.0,14.75
6.198705295938812e-05,2.5826905757214607,1.0,21.0,15.25
7.156563341753935e-05,2.4870383561049367,1.0,21.0,15.75
5.77004476515961e-05,3.3556351710886614,1.0,21.0,16.25
5.818167553272035e-05,2.495073835775444,1.0,21.0,16.75
7.204387312142733e-05,3.0619466029398583,1.0,21.0,17.25
6.880804244226294e-05,3.289781634910056,1.0,21.0,17.75
4.151521699592651e-05,2.6113605905420334,1.0,21.0,18.25
5.853566021159445e-05,2.7576244065972357,1.0,21.0,18.75
7.328841305035754e-05,3.3099573146136976,1.0,21.0,19.25
5.5373576078821703e-05,3.4512227420863963,1.0,21.0,19.75
7.793469586834608e-05,2.930109522699821,1.0,21.0,20.25
5.627335628014934e-05,3.417005501863684,1.0,21.0,20.75
5.407055081077539e-05,3.326333522259892,1.0,21.0,21.25
6.382338304813465e-05,2.962212889943705,1.0,21.0,21.75
5.512770394759652e-05,3.4715657222092724,1.0,21.0,22.25
8.249919857021233e-05,2.1496525713843737,1.0,21.0,22.75
6.331453865747581e-05,0.8413519636179413,11.0,22.0,3.25
5.30212010680627e-05,3.1768217805478938,11.0,22.0,3.75
7.602616839198034e-05,1.2703336093378983,11.0,22.0,4.25
4.911062425105608e-05,2.7972551423439698,11.0,22.0,4.75
6.211939656647514e-05,3.694242277000385,11.0,22.0,5.25
7.197683903466747e-05,2.50101554464839,11.0,22.0,5.75
7.601433551610751e-05,2.447574180651291,11.0,22.0,6.25
6.564550474012742e-05,2.3117767065058072,11.0,22.0,6.75
8.177688260155575e-05,1.7047044697324172,11.0,22.0,7.25
8.469205186479579e-05,0.7609003360366097,11.0,22.0,7.75
6.509209073798919e-05,3.4443587886563303,11.0,22.0,8.25
6.350600046149854e-05,2.429763346424904,11.0,22.0,8.75
6.374864978178426e-05,2.828328087020804,11.0,22.0,9.25
6.37207855516171e-05,2.924993858024957,11.0,22.0,9.75
6.822646911345012e-05,3.082469748832797,11.0,22.0,10.25
5.422772609175056e-05,2.924455103518432,11.0,22.0,10.75
7.785440366825995e-05,2.599348061552343,11.0,22.0,11.25
6.646453793248929e-05,3.135106783189496,11.0,22.0,11.75
5.841818436852867e-05,1.014532912725562,11.0,22.0,12.25
6.097422011187423e-05,3.4300701738361257,11.0,22.0,12.75
6.312501976826321e-05,2.5648933985929703,11.0,22.0,13.25
4.952482581249128e-05,1.9479889828144257,11.0,22.0,13.75
8.102713420766748e-05,2.31532834776375,11.0,22.0,14.25
8.672963177129727e-05,0.13881107547698926,11.0,22.0,14.75
7.576955474477079e-05,0.2577756185489853,11.0,22.0,15.25
0.0001038258084544641,0.241398404157246,11.0,22.0,15.75
8.337584197632438e-05,2.2301950064954843,11.0,22.0,16.25
6.819154344216221e-05,3.282038737365173,11.0,22.0,16.75
8.450959645770323e-05,1.8802061280184688,11.0,22.0,17.25
7.205241327065298e-05,1.961866705714903,11.0,22.0,17.75
6.413898614910194e-05,3.6035841177756964,11.0,22.0,18.25
6.523461106557015e-05,2.631342698539496,11.0,22.0,18.75
6.994919537082529e-05,3.3646980917174445,11.0,22.0,19.25
8.468133315318035e-05,1.4333847655212073,11.0,22.0,19.75
6.305558177375918e-05,2.99107196060568,11.0,22.0,20.25
5.8665896552829564e-05,3.1468154765227387,11.0,22.0,20.75
7.948443694296884e-05,0.28725976137104364,11.0,22.0,21.25
7.972389109396828e-05,0.633976267235222,11.0,22.0,21.75
6.248779509887189e-05,3.4499853080814717,11.0,22.0,22.25
6.702114527265988e-05,2.3648308983277766,11.0,22.0,22.75
7.19605942813898e-05,2.145492375439572,21.0,23.0,3.25
4.863148946708222e-05,3.0485255376050766,21.0,23.0,3.75
8.071749305609677e-05,2.402836173557599,21.0,23.0,4.25
5.127173992456757e-05,2.522836891266448,21.0,23.0,4.75
5.917628574606156e-05,3.312028428659473,21.0,23.0,5.25
5.981165389928461e-05,3.2426543295915726,21.0,23.0,5.75
5.005235741223862e-05,1.5819321108394673,21.0,23.0,6.25
8.0811586542412e-05,1.0389597140842783,21.0,23.0,6.75
9.175872908265232e-05,2.262850301411002,21.0,23.0,7.25
5.4896522152193266e-05,2.7840617370481686,21.0,23.0,7.75
7.407676267857897e-05,2.6707092033045723,21.0,23.0,8.25
0.00010201445999812518,0.6714603995100894,21.0,23.0,8.75
7.941596602810542e-05,2.9146381774793184,21.0,23.0,9.25
4.5493614040775406e-05,3.4843941455069287,21.0,23.0,9.75
6.351269752131719e-05,1.9882755618160952,21.0,23.0,10.25
6.054194420968302e-05,2.8690257131208687,21.0,23.0,10.75
5.450198907618819e-05,2.599269097559211,21.0,23.0,11.25
6.563785637794648e-05,2.9868055104651647,21.0,23.0,11.75
6.735413950611329e-05,2.7448445350314743,21.0,23.0,12.25
6.668071322657111e-05,3.2376259271669787,21.0,23.0,12.75
8.248870160697705e-05,0.5455758746958205,21.0,23.0,13.25
0.00010726886435309912,0.1870692632386863,21.0,23.0,13.75
7.584186743206733e-05,2.4568644367861694,21.0,23.0,14.25
6.103401517770577e-05,3.1090676276475016,21.0,23.0,14.75
5.923503371819215e-05,2.3610996334288847,21.0,23.0,15.25
6.349027342513529e-05,2.181496409789737,21.0,23.0,15.75
5.9383572573419996e-05,2.1500194010983344,21.0,23.0,16.25
6.686223606754713e-05,2.3435931082982986,21.0,23.0,16.75
8.80119017378961e-05,0.17872774057878762,21.0,23.0,17.25
8.744496139853802e-05,0.2535301035440622,21.0,23.0,17.75
6.500103488709145e-05,3.2027399295182097,21.0,23.0,18.25
5.811016875185322e-05,2.554879033111689,21.0,23.0,18.75
6.375232078320086e-05,2.4142784089401723,21.0,23.0,19.25
6.146718685902379e-05,2.6102248612449412,21.0,23.0,19.75
6.28540499582503e-05,3.095925655950196,21.0,23.0,20.25
7.391604890190015e-05,2.3078223483407547,21.0,23.0,20.75
7.873770087940288e-05,0.980201669790978,21.0,23.0,21.25
8.510912483764918e-05,2.5765539558404686,21.0,23.0,21.75
7.042391433728309e-05,2.839365237723497,21.0,23.0,22.25
5.580762780005914e-05,2.6450854138610485,21.0,23.0,22.75
5.705617404448052e-05,1.2874872749226831,31.0,24.0,3.25
3.6755550004982296e-05,2.0860601573002007,31.0,24.0,3.75
5.755439478289845e-05,2.45953777820233,31.0,24.0,4.25
2.378267241212918e-05,1.9928254553067333,31.0,24.0,4.75
4.6050787575820533e-05,2.154965793391567,31.0,24.0,5.25
4.368215848973601e-05,2.0148437308104685,31.0,24.0,5.75
6.429628237837342e-05,2.640689526584376,31.0,24.0,6.25
8.322033657747099e-05,0.1560132554253569,31.0,24.0,6.75
0.0001350357386008426,0.40341624620369626,31.0,24.0,7.25
0.00010630385819820761,0.7126123501533703,31.0,24.0,7.75
7.874914233225303e-05,2.089029567684596,31.0,24.0,8.25
7.098719960345149e-05,1.4687457461843034,31.0,24.0,8.75
6.965724311630645e-05,1.9385491921543672,31.0,24.0,9.25
5.246470019633982e-05,1.8234091170186961,31.0,24.0,9.75
6.417425932129378e-05,2.9041951269382413,31.0,24.0,10.25
8.25286630093282e-05,1.6765810172998916,31.0,24.0,10.75
5.032579622117431e-05,2.0059058676977344,31.0,24.0,11.25
3.728540717814575e-05,2.2514429128799627,31.0,24.0,11.75
6.849538582268816e-05,2.2769019376190736,31.0,24.0,12.25
5.5563703503341895e-05,2.1762310573658583,31.0,24.0,12.75
3.587832686538037e-05,1.8912331091312249,31.0,24.0,13.25
6.230182076836492e-05,2.8144675786862208,31.0,24.0,13.75
0.00010396931165711814,1.5973431559522435,31.0,24.0,14.25
4.613228057523919e-05,2.1735988036461182,31.0,24.0,14.75
2.2156489743612346e-05,2.119096023194273,31.0,24.0,15.25
2.2211617976094564e-05,1.8799191633754395,31.0,24.0,15.75
3.1251087173141524e-05,2.046216622720576,31.0,24.0,16.25
8.298099666820585e-05,0.3938337847549023,31.0,24.0,16.75
6.439091540483512e-05,1.4156142093228101,31.0,24.0,17.25
1.5506349997578354e-05,1.9819289432225384,31.0,24.0,17.75
4.176208581721634e-05,1.581276369116121,31.0,24.0,18.25
7.328779282709452e-05,0.2071961453867813,31.0,24.0,18.75
0.00011225583171395196,0.5952687426420628,31.0,24.0,19.25
0.00010023675366072372,0.5778139110905214,31.0,24.0,19.75
0.00012871774529993256,0.363780450450116,31.0,24.0,20.25
0.00010383790199401216,0.2887109500852256,31.0,24.0,20.75
9.706398151270072e-05,0.14145548941868533,31.0,24.0,21.25
0.00010388216969956978,0.2712560086232526,31.0,24.0,21.75
7.47648310220382e-05,0.2768454220523115,31.0,24.0,22.25
0.00012350948549313357,0.07769490116705198,31.0,24.0,22.75
6.0052647030157324e-05,3.887086012999157,1.0,25.0,3.25
6.0454075530324475e-05,2.621994977128394,1.0,25.0,3.75
5.505866473871468e-05,2.994792301191476,1.0,25.0,4.25
6.678622945101822e-05,3.9092705951559084,1.0,25.0,4.75
6.0691852670889e-05,3.925538987926377,1.0,25.0,5.25
5.554531567679753e-05,2.6327726314552717,1.0,25.0,5.75
6.443862152895746e-05,3.1192399196018554,1.0,25.0,6.25
7.304810290496174e-05,2.356804787225267,1.0,25.0,6.75
7.01448280188862e-05,3.3439478001177347,1.0,25.0,7.25
7.860548258019839e-05,0.3209469660233852,1.0,25.0,7.75
5.989470425078069e-05,2.550438286649405,1.0,25.0,8.25
6.317300915718011e-05,3.256516181782198,1.0,25.0,8.75
5.027176623034109e-05,3.5714529401406807,1.0,25.0,9.25
6.479156986303088e-05,4.008537746089397,1.0,25.0,9.75
4.902811279834128e-05,3.983837402212506,1.0,25.0,10.25
6.148528722598159e-05,3.3511960304479347,1.0,25.0,10.75
6.39192333686886e-05,3.411310230102933,1.0,25.0,11.25
6.978716960189445e-05,3.4549057655012883,1.0,25.0,11.75
5.061396247105853e-05,3.2170324143464515,1.0,25.0,12.25
5.8297594474438244e-05,3.338378324577291,1.0,25.0,12.75
6.84046291630617e-05,1.5934877632015116,1.0,25.0,13.25
5.059294584706186e-05,3.5202959087302714,1.0,25.0,13.75
5.3390414178932486e-05,3.3743867729395056,1.0,25.0,14.25
5.846934524560749e-05,3.0170297369900334,1.0,25.0,14.75
6.297033294224211e-05,3.443872157580816,1.0,25.0,15.25
7.310089593326179e-05,2.5364195808648997,1.0,25.0,15.75
6.143692014283103e-05,2.1789207556954824,1.0,25.0,16.25
6.855412915627488e-05,1.6662178338833495,1.0,25.0,16.75
5.5479185775191334e-05,3.3377921585691337,1.0,25.0,17.25
6.477277055489818e-05,2.7025840907983656,1.0,25.0,17.75
7.861108987481195e-05,0.8426542271686804,1.0,25.0,18.25
7.889794606334294e-05,0.3212467019314895,1.0,25.0,18.75
6.296533450269699e-05,3.4663309460110816,1.0,25.0,19.25
6.791989497876811e-05,2.965669147489949,1.0,25.0,19.75
6.72444345709064e-05,2.6538007805531203,1.0,25.0,20.25
6.679166505348089e-05,3.385742447325254,1.0,25.0,20.75
5.9953193144723095e-05,3.1063673768456463,1.0,25.0,21.25
7.534103372906321e-05,1.5863654907148688,1.0,25.0,21.75
6.660851518115355e-05,4.037173751601385,1.0,25.0,22.25
5.2410836120775e-05,3.976204211312465,1.0,25.0,22.75
7.10294859848532e-05,2.9895168599605566,11.0,26.0,3.25
5.3310711655224e-05,4.1054294563759965,11.0,26.0,3.75
6.317766904174916e-05,1.716440889205857,11.0,26.0,4.25
6.21816137830659e-05,2.7383615787498803,11.0,26.0,4.75
7.042840410274107e-05,2.6276059346662355,11.0,26.0,5.25
7.77088061914136e-05,2.5405474535532298,11.0,26.0,5.75
7.469030511708385e-05,2.5169875380800915,11.0,26.0,6.25
6.426114144566802e-05,2.853419217670248,11.0,26.0,6.75
7.995374804810146e-05,1.574172488338054,11.0,26.0,7.25
5.285341192314196e-05,2.835702118454808,11.0,26.0,7.75
7.011992008394807e-05,1.995554678078656,11.0,26.0,8.25
6.252678363464954e-05,2.5846331509368703,11.0,26.0,8.75
6.144808752285496e-05,2.959327825302825,11.0,26.0,9.25
5.932144042207952e-05,3.246150547419308,11.0,26.0,9.75
8.323160249022793e-05,2.2617631518353134,11.0,26.0,10.25
6.0577779196374754e-05,2.7891061119236733,11.0,26.0,10.75
8.616145357069059e-05,1.080122573608869,11.0,26.0,11.25
8.18267990178475e-05,3.255055096846552,11.0,26.0,11.75
7.031703945424927e-05,0.5252419380568925,11.0,26.0,12.25
8.166187012748966e-05,2.4581817726773103,11.0,26.0,12.75
6.30922393701691e-05,2.3131548543721334,11.0,26.0,13.25
6.238102646721588e-05,3.0293381290915864,11.0,26.0,13.75
6.661867408917207e-05,2.966280703714838,11.0,26.0,14.25
6.019320245401036e-05,3.1992660503891863,11.0,26.0,14.75
7.040317285006047e-05,2.6234287486846344,11.0,26.0,15.25
5.242760650455233e-05,3.8951776976605363,11.0,26.0,15.75
6.092115026070916e-05,2.9800072709080663,11.0,26.0,16.25
5.990632183128882e-05,3.641153631588757,11.0,26.0,16.75
5.897988769183965e-05,2.9710972943543665,11.0,26.0,17.25
6.718031801132664e-05,3.729885663257362,11.0,26.0,17.75
5.8849191368623414e-05,3.0750579657985453,11.0,26.0,18.25
6.979448135265018e-05,3.493545596294513,11.0,26.0,18.75
7.040702012499739e-05,2.8190862958025744,11.0,26.0,19.25
7.520363994847917e-05,1.7897048685272068,11.0,26.0,19.75
9.420384314977166e-05,0.457406195537976,11.0,26.0,20.25
6.880367658100437e-05,0.7805249808168788,11.0,26.0,20.75
6.385495924280361e-05,3.6183463133841807,11.0,26.0,21.25
7.574174585228829e-05,2.937708294882268,11.0,26.0,21.75
7.502428244106971e-05,2.4111542100584904,11.0,26.0,22.25
7.244915095519905e-05,1.1959203224751402,11.0,26.0,22.75
8.313034984654347e-05,1.9961671181211584,21.0,27.0,3.25
9.00416861987479e-05,0.7367619080076203,21.0,27.0,3.75
0.00011430333716005688,0.23144005902679296,21.0,27.0,4.25
9.630345180793731e-05,0.14519956262304162,21.0,27.0,4.75
0.00011073232356523696,0.1797582477096193,21.0,27.0,5.25
6.403031534325526e-05,1.0207276230121392,21.0,27.0,5.75
3.9177545566224224e-05,2.035978692601347,21.0,27.0,6.25
4.732028847347102e-05,3.0420898955030395,21.0,27.0,6.75
7.461717045593151e-05,2.340967476604944,21.0,27.0,7.25
7.538840719168904e-05,1.4098084189608282,21.0,27.0,7.75
6.839818594078441e-05,2.802765204747068,21.0,27.0,8.25
7.290182023297735e-05,2.797403808942445,21.0,27.0,8.75
8.215952722300051e-05,2.1559117814530717,21.0,27.0,9.25
7.093820260133461e-05,3.0053485669662052,21.0,27.0,9.75
7.722031894048181e-05,1.9106498869794857,21.0,27.0,10.25
5.731166738603701e-05,2.7870645595995773,21.0,27.0,10.75
8.63072750319105e-05,2.6734817842152894,21.0,27.0,11.25
6.635954724688663e-05,2.596278535700588,21.0,27.0,11.75
6.243966313566685e-05,1.776112266747936,21.0,27.0,12.25
7.723148355993163e-05,2.3302735983822043,21.0,27.0,12.75
6.363288613701007e-05,2.7136028497627462,21.0,27.0,13.25
6.927099543851773e-05,3.0114183095722185,21.0,27.0,13.75
0.00010184848435438646,0.21011714708111007,21.0,27.0,14.25
8.464260646244513e-05,1.8472466104934289,21.0,27.0,14.75
9.502752770590096e-05,2.1442961694826024,21.0,27.0,15.25
0.00011040012455918152,0.42116142486863695,21.0,27.0,15.75
5.357638559013869e-05,2.8654434024195083,21.0,27.0,16.25
7.665003863497779e-05,3.1077145652710723,21.0,27.0,16.75
6.629002422412958e-05,2.338327931406289,21.0,27.0,17.25
7.368659185505756e-05,3.1853027724089347,21.0,27.0,17.75
6.780660420167752e-05,2.930637950320568,21.0,27.0,18.25
9.005694673206771e-05,0.2317158163964885,21.0,27.0,18.75
7.998886705668038e-05,0.2925272581830384,21.0,27.0,19.25
6.564017526373927e-05,2.6971058711926137,21.0,27.0,19.75
7.079760803000031e-05,2.7390207181249315,21.0,27.0,20.25
0.00010441437423601388,0.9573584687341864,21.0,27.0,20.75
7.723939019021554e-05,0.2788126514580218,21.0,27.0,21.25
5.63050907780105e-05,2.576650734265532,21.0,27.0,21.75
8.990853113703405e-05,2.2236253753695028,21.0,27.0,22.25
5.2320267778391367e-05,2.770524410184886,21.0,27.0,22.75
4.151197215446261e-05,1.5715231928551974,31.0,28.0,3.25
8.221504594596758e-05,0.5171128888579001,31.0,28.0,3.75
9.532667704659026e-05,0.6740680160555964,31.0,28.0,4.25
8.863173647228268e-05,1.3524210823944554,31.0,28.0,4.75
4.87241465666167e-05,1.7982901236615252,31.0,28.0,5.25
1.5969928921457488e-05,2.1830194193256767,31.0,28.0,5.75
2.351508875652077e-05,1.602829114798363,31.0,28.0,6.25
1.779750715986234e-05,1.8867546366753485,31.0,28.0,6.75
3.569718967369848e-05,1.826099840352819,31.0,28.0,7.25
2.885164376070699e-05,1.627375975429448,31.0,28.0,7.75
3.371832214877959e-05,1.6815857653261308,31.0,28.0,8.25
3.17452983569933e-05,2.327537572551751,31.0,28.0,8.75
2.262624460791141e-05,2.189971703909127,31.0,28.0,9.25
2.5097910250038905e-05,2.2300732992758983,31.0,28.0,9.75
3.700170562936283e-05,2.059185951298661,31.0,28.0,10.25
6.338114311313066e-05,0.7347009342606367,31.0,28.0,10.75
0.0001182081155970012,0.2223412791362644,31.0,28.0,11.25
0.0001084077411686496,0.3499887620250044,31.0,28.0,11.75
9.252164402856993e-05,0.22732971129292595,31.0,28.0,12.25
8.591832125414861e-05,1.7940240216791918,31.0,28.0,12.75
3.601456949868715e-05,2.366320463527188,31.0,28.0,13.25
8.873094759515459e-05,0.568728108314925,31.0,28.0,13.75
7.78988490421193e-05,1.6998318942882629,31.0,28.0,14.25
1.4391432543245944e-05,2.326629547545876,31.0,28.0,14.75
3.3638156397081604e-05,1.950040777464016,31.0,28.0,15.25
5.481989610427166e-05,1.5726003420642352,31.0,28.0,15.75
3.0286129482308198e-05,1.996736547413916,31.0,28.0,16.25
4.0177574878009886e-05,2.036464057514181,31.0,28.0,16.75
3.874146027283869e-05,2.1421210979951524,31.0,28.0,17.25
2.6335195963517885e-05,2.194586682730396,31.0,28.0,17.75
2.239429939706007e-05,1.888928302787091,31.0,28.0,18.25
2.4755615722252012e-05,1.6796192780613142,31.0,28.0,18.75
6.19827178390761e-05,1.6217420288499338,31.0,28.0,19.25
7.708630533623095e-05,0.22137850721305447,31.0,28.0,19.75
5.253628357691946e-05,2.2289077359259566,31.0,28.0,20.25
2.685961270584596e-05,2.1573574175307684,31.0,28.0,20.75
3.4180249012493766e-05,1.9396484575849269,31.0,28.0,21.25
4.641908603823703e-05,3.019315060920003,31.0,28.0,21.75
8.546821172424209e-05,1.843957000036812,31.0,28.0,22.25
0.00012004407079716155,0.193441132271478,31.0,28.0,22.75
5.620290626058082e-05,2.9646227666301983,1.0,29.0,3.25
5.856781258776671e-05,3.436102399826799,1.0,29.0,3.75
7.831972607829996e-05,3.0687686590416736,1.0,29.0,4.25
4.903200826236053e-05,2.190976812554456,1.0,29.0,4.75
8.090571106211204e-05,1.0340999195276588,1.0,29.0,5.25
7.113363025737424e-05,2.8903956653023184,1.0,29.0,5.75
6.186183584743208e-05,3.1695684325989664,1.0,29.0,6.25
6.396685949931874e-05,0.545791760704523,1.0,29.0,6.75
6.575940364739226e-05,3.190937427230045,1.0,29.0,7.25
6.055009992721509e-05,2.3221113370631343,1.0,29.0,7.75
6.278782858395575e-05,2.881757294130912,1.0,29.0,8.25
6.617433119918282e-05,4.04389680322282,1.0,29.0,8.75
7.357847779698048e-05,1.6908949344424162,1.0,29.0,9.25
6.612651026947537e-05,3.4245189280232187,1.0,29.0,9.75
6.186562056398094e-05,1.6186541418681395,1.0,29.0,10.25
6.408445728986e-05,1.2271379062817651,1.0,29.0,10.75
5.528461859643572e-05,2.3314188999380616,1.0,29.0,11.25
7.126003908796327e-05,3.5127081132772764,1.0,29.0,11.75
6.007208820718679e-05,3.0858153983871977,1.0,29.0,12.25
7.15156718649034e-05,2.581639125023022,1.0,29.0,12.75
7.17318622391407e-05,3.641750649017826,1.0,29.0,13.25
5.8889232957284226e-05,2.3363761076645564,1.0,29.0,13.75
5.678248052033363e-05,2.6584418088824093,1.0,29.0,14.25
6.911605154510536e-05,3.4992788171079865,1.0,29.0,14.75
8.680600707111336e-05,2.158801364370416,1.0,29.0,15.25
6.012914371346779e-05,3.175006115082513,1.0,29.0,15.75
7.045195362624379e-05,2.9498737573155838,1.0,29.0,16.25
6.647027894048355e-05,2.9543363903243525,1.0,29.0,16.75
6.863909745895156e-05,1.8109900230741809,1.0,29.0,17.25
6.511125075525992e-05,2.246974083052497,1.0,29.0,17.75
5.6450824948222936e-05,2.6992665616837024,1.0,29.0,18.25
6.650255602555724e-05,3.121726680597161,1.0,29.0,18.75
8.44197002017929e-05,2.3334175186235497,1.0,29.0,19.25
5.746994221667761e-05,3.116603713127447,1.0,29.0,19.75
6.360702138828779e-05,2.3948322002631732,1.0,29.0,20.25
5.733551203774705e-05,3.1070496745422207,1.0,29.0,20.75
7.077015998202253e-05,3.193351815342561,1.0,29.0,21.25
6.55863105677896e-05,2.4245355572101683,1.0,29.0,21.75
5.921177984297762e-05,3.4236886567778706,1.0,29.0,22.25
5.905020090304167e-05,2.9319739801214517,1.0,29.0,22.75
7.790661096999332e-05,2.3603910494708606,11.0,30.0,3.25
8.112854302116277e-05,2.423657337575781,11.0,30.0,3.75
7.540670233316426e-05,2.4552408113269695,11.0,30.0,4.25
5.684441196365413e-05,3.1564136881981084,11.0,30.0,4.75
6.77325827261424e-05,3.2054296148788586,11.0,30.0,5.25
5.515389036485167e-05,2.9774554457801736,11.0,30.0,5.75
6.6437842157932e-05,1.3223765431608443,11.0,30.0,6.25
7.162867722586687e-05,2.8587876349922285,11.0,30.0,6.75
6.784504894030333e-05,3.3828783769411612,11.0,30.0,7.25
5.959869484959943e-05,2.917990019745317,11.0,30.0,7.75
5.179344843990229e-05,2.3587262757387464,11.0,30.0,8.25
6.381465279931876e-05,2.8185742052681397,11.0,30.0,8.75
8.49024847362102e-05,2.6119783020533784,11.0,30.0,9.25
5.488064155346803e-05,3.651449039814712,11.0,30.0,9.75
8.865462701221471e-05,1.507021088362681,11.0,30.0,10.25
7.338597257622832e-05,1.7776971753733464,11.0,30.0,10.75
6.048092174921705e-05,2.5360384123539186,11.0,30.0,11.25
5.9176911540246656e-05,3.6707143515980296,11.0,30.0,11.75
5.303652463051856e-05,2.0506170152413428,11.0,30.0,12.25
6.996384102272021e-05,2.414060634309485,11.0,30.0,12.75
6.167498883525298e-05,2.868635078827288,11.0,30.0,13.25
5.823212139539831e-05,2.8254088827744,11.0,30.0,13.75
6.674833371793562e-05,2.45540446074243,11.0,30.0,14.25
7.094829499693984e-05,3.248193648597105,11.0,30.0,14.75
6.911692401080058e-05,3.3649735497330333,11.0,30.0,15.25
6.400668459702845e-05,2.569014526975012,11.0,30.0,15.75
6.627577648919996e-05,1.7940483821727864,11.0,30.0,16.25
6.978520510581953e-05,2.9892668054636253,11.0,30.0,16.75
8.739674748450978e-05,2.7121122881235737,11.0,30.0,17.25
6.622098857657599e-05,3.009829683058477,11.0,30.0,17.75
6.240595217981454e-05,2.7028215801976985,11.0,30.0,18.25
6.070544021168116e-05,3.3219397445761265,11.0,30.0,18.75
7.000879690137251e-05,3.0137602377135573,11.0,30.0,19.25
5.993176514380945e-05,2.4365022368518865,11.0,30.0,19.75
8.561976402536909e-05,0.15456526640440407,11.0,30.0,20.25
9.360610004126608e-05,0.5039699484777815,11.0,30.0,20.75
5.625240771561569e-05,3.5423085478876404,11.0,30.0,21.25
6.141880335389544e-05,2.5015916801190388,11.0,30.0,21.75
7.146731223949687e-05,2.4175131502151297,11.0,30.0,22.25
8.634267610826339e-05,0.2610410055280185,11.0,30.0,22.75
7.293666265708157e-05,2.9949109955919715,21.0,31.0,3.25
8.814547033949691e-05,0.1999158027363548,21.0,31.0,3.75
9.821527671974256e-05,0.8589162152960185,21.0,31.0,4.25
5.6051619602712e-05,2.1109602408715773,21.0,31.0,4.75
7.76582190948049e-05,0.6249026448533974,21.0,31.0,5.25
7.698854194719009e-05,0.4657798511072241,21.0,31.0,5.75
8.037658763570657e-05,0.5936792336334336,21.0,31.0,6.25
8.50036664383293e-05,1.145553444680257,21.0,31.0,6.75
7.1734262652076e-05,2.628964048859065,21.0,31.0,7.25
4.249912093112544e-05,3.2686590137806704,21.0,31.0,7.75
6.923811437705952e-05,1.7783552623661745,21.0,31.0,8.25
5.894142013426861e-05,2.8628980175166587,21.0,31.0,8.75
9.053232384753392e-05,0.5308615458605982,21.0,31.0,9.25
7.253999742652502e-05,2.2958850530141937,21.0,31.0,9.75
6.595815678090328e-05,2.8408819710814823,21.0,31.0,10.25
5.996178954422104e-05,3.16072866136868,21.0,31.0,10.75
8.131293544533878e-05,0.7789643203764254,21.0,31.0,11.25
6.622637312452483e-05,3.29121040121919,21.0,31.0,11.75
7.647990105414731e-05,0.7058613694343667,21.0,31.0,12.25
5.694433325801859e-05,2.9820420673206534,21.0,31.0,12.75
6.971337268942945e-05,2.7847502644552393,21.0,31.0,13.25
4.98065503243279e-05,3.1592464895981203,21.0,31.0,13.75
5.923254805653365e-05,2.3609521949327834,21.0,31.0,14.25
7.213533694731315e-05,2.3958011900058667,21.0,31.0,14.75
6.427225792302122e-05,2.998115550035628,21.0,31.0,15.25
9.16729958462988e-05,1.1636545472457829,21.0,31.0,15.75
6.335220136962749e-05,3.6626802686306834,21.0,31.0,16.25
7.967472284464331e-05,2.9643345453836827,21.0,31.0,16.75
7.569157032655293e-05,1.9078813780201096,21.0,31.0,17.25
5.431518539083808e-05,3.48639078937904,21.0,31.0,17.75
5.187138128827653e-05,3.0127693664768214,21.0,31.0,18.25
6.242232447905523e-05,2.505401782484425,21.0,31.0,18.75
6.532340368637527e-05,2.3938500162074208,21.0,31.0,19.25
8.624260093546576e-05,0.15799953682651255,21.0,31.0,19.75
7.213375558171015e-05,1.3294447835085894,21.0,31.0,20.25
6.676044617285908e-05,2.7290876522023577,21.0,31.0,20.75
6.621783406047484e-05,3.3550111358894545,21.0,31.0,21.25
7.949565748993825e-05,3.144707123555872,21.0,31.0,21.75
6.546563325464497e-05,2.462869756949976,21.0,31.0,22.25
5.33782068093577e-05,3.2206987445295985,21.0,31.0,22.75
3.9091580541638995e-05,2.1369399074699507,31.0,32.0,3.25
5.195217492386917e-05,1.7036199640330592,31.0,32.0,3.75
0.00011089005530764519,0.27146587484394535,31.0,32.0,4.25
0.0001041179489476848,0.22273181172352036,31.0,32.0,4.75
9.581175094596625e-05,0.22190438809042395,31.0,32.0,5.25
8.561741676156751e-05,1.0169776214535724,31.0,32.0,5.75
6.724049487656944e-05,2.104904132799682,31.0,32.0,6.25
6.292246218945865e-05,2.511077416139534,31.0,32.0,6.75
0.00010087473788758489,0.8616998230312464,31.0,32.0,7.25
0.00010354666259114933,0.5559806685982096,31.0,32.0,7.75
0.00011475199394915272,0.5811068430973787,31.0,32.0,8.25
0.00010248372303654256,0.3242803530886028,31.0,32.0,8.75
8.882695020398579e-05,0.4532272096783143,31.0,32.0,9.25
0.00010345450882572814,0.1494137067045124,31.0,32.0,9.75
0.00011220494481825271,0.2897777086394851,31.0,32.0,10.25
0.00010639602647037306,0.12327461728937963,31.0,32.0,10.75
8.858421722340149e-05,1.9479698839516741,31.0,32.0,11.25
4.9052751954392725e-05,2.108608110269736,31.0,32.0,11.75
3.904293912299253e-05,2.31283521235807,31.0,32.0,12.25
6.037034078357938e-05,1.6411334840680938,31.0,32.0,12.75
7.714272224561165e-05,0.24967830777026187,31.0,32.0,13.25
7.768964324543932e-05,0.3417731502588289,31.0,32.0,13.75
0.00010613940957801954,0.22237447711033825,31.0,32.0,14.25
0.00012996278640305917,0.17477830654275725,31.0,32.0,14.75
5.502047662889775e-05,1.9591206044435583,31.0,32.0,15.25
8.826608714764657e-05,0.1530182280896769,31.0,32.0,15.75
0.00011027852728894644,0.13931936843514575,31.0,32.0,16.25
0.00011519265103463953,0.1799318715979226,31.0,32.0,16.75
6.990691155135887e-05,2.010560547712576,31.0,32.0,17.25
3.4856494992716534e-05,1.9218565026921655,31.0,32.0,17.75
2.7214284329612166e-05,2.095491769552787,31.0,32.0,18.25
1.5671706058667603e-05,2.099018908008147,31.0,32.0,18.75
3.6856175813833064e-05,1.6235189913105257,31.0,32.0,19.25
2.827588114194795e-05,1.92633649614282,31.0,32.0,19.75
2.7099707264581688e-05,2.001106327860367,31.0,32.0,20.25
4.009311594501088e-05,1.6895716355003534,31.0,32.0,20.75
6.419752657826744e-05,1.7056716664213702,31.0,32.0,21.25
7.000520702450434e-05,0.3386542761325652,31.0,32.0,21.75
0.00010261222356825607,0.1427084007446031,31.0,32.0,22.25
0.00011176691185359036,0.1988286902414082,31.0,32.0,22.75
