,asynch,bfreq,brasterpower,gamma,kext,krec,msgain,nTE,ofreq,pfreq,pval,rasterpower,run,time
0,,7.7,0.005449897759667428,0.0936493701734172,1.0,1.0,1.0,0.008874164694276893,2.3,0.45,0.2,0.00022255675562368065,1.0,3.25
1,9.010609692555223e-07,7.8,0.0019146698329485265,0.01662589700107311,1.0,1.0,1.0,0.008874164694276893,0.1,1.625,0.2,0.0007583571461251237,1.0,3.75
2,0.0,12.8,0.11128670565110754,1.209081170624022,1.0,1.0,1.0,0.008874164694276893,2.0,5.125,0.2,0.01888839027709304,1.0,4.25
3,0.0,9.2,0.01596523806581254,0.14725106536524274,1.0,1.0,1.0,0.008874164694276893,1.1,0.575,0.2,0.00042936181028744533,1.0,4.75
4,8.692195702028876e-06,8.9,0.002332436704049013,0.052202858550495335,1.0,1.0,1.0,0.008874164694276893,0.0,2.425,0.2,0.00317905818062957,1.0,5.25
5,0.0,13.5,0.04975810000252493,0.6094538757457905,1.0,1.0,1.0,0.008874164694276893,2.2,5.05,0.2,0.011918454569334108,1.0,5.75
6,0.0,8.8,0.010997493938894744,0.07953534770425855,1.0,1.0,1.0,0.008874164694276893,1.5,0.275,0.2,7.968956953011834e-05,1.0,6.25
7,8.720933929147196e-08,8.6,0.014640807875157124,0.2918977441539347,1.0,1.0,1.0,0.008874164694276893,0.0,2.35,0.2,0.0052903212433068145,1.0,6.75
8,0.0,13.8,0.015010776303023231,0.2485151511793477,1.0,1.0,1.0,0.008874164694276893,1.7,5.25,0.2,0.02586568908954081,1.0,7.25
9,0.0,8.1,0.04613858885461067,0.3368887164271633,1.0,1.0,1.0,0.008874164694276893,2.9,0.5,0.2,0.0003142690551865961,1.0,7.75
10,0.0,6.4,0.00917617589150188,0.17307579469879508,1.0,1.0,1.0,0.008874164694276893,0.2,0.6,0.2,0.00020335765710598983,1.0,8.25
11,0.0,18.3,0.5443842587441846,4.389034228415165,1.0,1.0,1.0,0.008874164694276893,1.3,3.5,0.2,0.08608223243843384,1.0,8.75
12,0.0,15.5,0.11050354237930897,0.8549730312584745,1.0,1.0,1.0,0.008874164694276893,0.8,1.55,0.2,0.007382199945541397,1.0,9.25
13,0.0,19.4,0.1735200484170391,2.010873449720324,1.0,1.0,1.0,0.008874164694276893,0.1,3.175,0.2,0.02454527913639136,1.0,9.75
14,0.0,15.6,0.9998695447926408,7.101507630092665,1.0,1.0,1.0,0.008874164694276893,2.0,3.2,0.2,0.0917213015384053,1.0,10.25
15,0.0,17.0,0.06575683439734961,0.7383984706235697,1.0,1.0,1.0,0.008874164694276893,0.8,0.85,0.2,0.0011035441874970586,1.0,10.75
16,3.1110791438303476e-05,17.1,0.1400262565942055,1.9218320036176533,1.0,1.0,1.0,0.008874164694276893,0.1,2.6,0.2,0.007255089462528358,1.0,11.25
17,0.0,14.1,0.7442035710627013,6.557101926110104,1.0,1.0,1.0,0.008874164694276893,1.0,3.225,0.2,0.09856831417929936,1.0,11.75
18,0.0,17.7,0.06304822913055548,0.7958861174135614,1.0,1.0,1.0,0.008874164694276893,1.6,1.375,0.2,0.00362945662349785,1.0,12.25
19,0.0,12.7,0.07313978693940369,1.5031182776054504,1.0,1.0,1.0,0.008874164694276893,0.0,2.525,0.2,0.015217215426484331,1.0,12.75
20,0.0,7.8,0.01127067215537714,0.0944096778058807,1.5,1.0,1.0,-0.010282470199682087,3.9,1.15,0.8,0.0005960760814912701,2.0,3.25
21,0.0,5.4,0.0019666415369872592,0.050122565441936835,1.5,1.0,1.0,-0.010282470199682087,0.0,0.525,0.8,0.00031778633997256575,2.0,3.75
22,0.0,19.1,0.3522838277702108,3.220352417853945,1.5,1.0,1.0,-0.010282470199682087,0.9,5.2,0.8,0.08107864024306186,2.0,4.25
23,0.0,11.7,0.07056309012883027,0.8362263260421601,1.5,1.0,1.0,-0.010282470199682087,2.7,1.05,0.8,0.0005569739847236723,2.0,4.75
24,0.0,5.9,0.014024291603785832,0.18922263852576568,1.5,1.0,1.0,-0.010282470199682087,0.1,0.85,0.8,0.0003934156302831166,2.0,5.25
25,6.682238188372494e-07,15.8,0.08282164912078721,0.8615013920589615,1.5,1.0,1.0,-0.010282470199682087,1.4,5.625,0.8,0.030116041179303787,2.0,5.75
26,0.0,6.5,0.016591365298863056,0.16342909407949746,1.5,1.0,1.0,-0.010282470199682087,2.8,0.325,0.8,9.174765236511652e-05,2.0,6.25
27,0.0,6.1,0.01138166652310099,0.20147091964697653,1.5,1.0,1.0,-0.010282470199682087,0.0,1.25,0.8,0.0014150055756866828,2.0,6.75
28,0.0,14.9,0.2889751053975648,3.5546408675842383,1.5,1.0,1.0,-0.010282470199682087,2.6,5.025,0.8,0.1170167783222329,2.0,7.25
29,3.873002450268449e-06,11.8,0.05521053438395596,0.47722482023999296,1.5,1.0,1.0,-0.010282470199682087,0.8,0.175,0.8,5.148363960029639e-05,2.0,7.75
30,0.0,21.7,0.113044401730504,1.6806892708035928,1.5,1.0,1.0,-0.010282470199682087,0.0,3.65,0.8,0.020890228297446942,2.0,8.25
31,0.0,18.0,1.3530618161681305,8.437240213373506,1.5,1.0,1.0,-0.010282470199682087,1.9,3.05,0.8,0.10471298153176438,2.0,8.75
32,0.0,17.1,0.13761833590770145,1.0665627076072677,1.5,1.0,1.0,-0.010282470199682087,0.8,0.875,0.8,0.006684039506836036,2.0,9.25
33,0.0,21.7,0.2584234735807917,2.990370327578256,1.5,1.0,1.0,-0.010282470199682087,0.3,3.125,0.8,0.023253402408270875,2.0,9.75
34,0.0,16.0,0.9413926075367512,6.857897843603817,1.5,1.0,1.0,-0.010282470199682087,0.8,3.05,0.8,0.09499707520406107,2.0,10.25
35,0.0,19.9,0.1051595038970945,1.7592716153707904,1.5,1.0,1.0,-0.010282470199682087,2.0,1.775,0.8,0.00477458272185182,2.0,10.75
36,0.0,11.8,0.12901121565374218,1.5205288804017725,1.5,1.0,1.0,-0.010282470199682087,0.3,1.525,0.8,0.001498458653921367,2.0,11.25
37,0.0,25.6,0.3553677342123865,4.943391989592716,1.5,1.0,1.0,-0.010282470199682087,0.1,4.825,0.8,0.09278108930238273,2.0,11.75
38,,8.5,0.04418833027038478,0.4897353420254164,1.5,1.0,1.0,-0.010282470199682087,4.3,0.425,0.8,9.981304496687808e-05,2.0,12.25
39,0.0,9.7,0.04763360104565029,0.7086591916095611,1.5,1.0,1.0,-0.010282470199682087,0.0,0.95,0.8,0.00019392901546138927,2.0,12.75
40,0.0,5.5,0.0577040492427034,0.5431498624546661,2.0,1.0,1.0,-0.02249193602602044,3.0,0.625,0.9333333333333332,0.00017660744561221446,3.0,3.25
41,3.284453943465634e-06,8.3,0.07129620410255341,1.2932662177792549,2.0,1.0,1.0,-0.02249193602602044,0.0,1.7,0.9333333333333332,0.005972382247072337,3.0,3.75
42,2.441295914763977e-05,21.4,0.4245137149893949,5.069115633634486,2.0,1.0,1.0,-0.02249193602602044,1.7,5.725,0.9333333333333332,0.10334697700229578,3.0,4.25
43,2.2740577266322916e-06,7.7,0.09292763298260627,0.736604348664757,2.0,1.0,1.0,-0.02249193602602044,2.0,0.4,0.9333333333333332,0.00018864066796885878,3.0,4.75
44,1.0039123397228069e-06,9.3,0.0827829211587005,1.1681977179252492,2.0,1.0,1.0,-0.02249193602602044,0.0,1.95,0.9333333333333332,0.008082146680012016,3.0,5.25
45,0.0,27.2,0.8184435564297703,4.453678277845619,2.0,1.0,1.0,-0.02249193602602044,2.8,5.15,0.9333333333333332,0.16177265000148253,3.0,5.75
46,,12.6,0.14171012326450164,0.894658517495962,2.0,1.0,1.0,-0.02249193602602044,1.5,0.075,0.9333333333333332,1.3283000249077695e-05,3.0,6.25
47,0.0,7.6,0.15731691539078774,2.163589603291028,2.0,1.0,1.0,-0.02249193602602044,0.0,1.075,0.9333333333333332,0.011484728160037242,3.0,6.75
48,0.0,32.9,0.2540544386707788,3.408424096722664,2.0,1.0,1.0,-0.02249193602602044,1.2,5.175,0.9333333333333332,0.06732348742254138,3.0,7.25
49,0.0,8.9,0.13221919570071686,1.0657852291957122,2.0,1.0,1.0,-0.02249193602602044,1.2,0.875,0.9333333333333332,0.0011330450415991324,3.0,7.75
50,5.179299833225213e-06,12.2,0.14902287742175396,2.325779834734785,2.0,1.0,1.0,-0.02249193602602044,0.0,3.525,0.9333333333333332,0.03855548999104176,3.0,8.25
51,0.0,25.9,0.7982231189341086,5.010083588165892,2.0,1.0,1.0,-0.02249193602602044,2.2,3.475,0.9333333333333332,0.07849652002173856,3.0,8.75
52,3.428521457296119e-05,10.7,0.08514921060603314,0.8005707815180807,2.0,1.0,1.0,-0.02249193602602044,0.9,0.55,0.9333333333333332,0.0005385479347115017,3.0,9.25
53,0.0,8.1,0.006324588845746397,0.09364549955376868,2.0,1.0,1.0,-0.02249193602602044,0.1,2.25,0.9333333333333332,0.001890961519006932,3.0,9.75
54,0.0,14.0,0.15398477270296254,2.0131234519905155,2.0,1.0,1.0,-0.02249193602602044,2.9,5.175,0.9333333333333332,0.08406694284815648,3.0,10.25
55,0.0,14.5,0.13075489735046658,0.8583717274586844,2.0,1.0,1.0,-0.02249193602602044,1.0,0.275,0.9333333333333332,0.0004976484081459118,3.0,10.75
56,0.0,10.5,0.04081280712793083,0.8247670031027149,2.0,1.0,1.0,-0.02249193602602044,0.0,2.275,0.9333333333333332,0.011579455704185195,3.0,11.25
57,0.0,29.4,0.6394320684591974,7.914275337845974,2.0,1.0,1.0,-0.02249193602602044,1.7,4.325,0.9333333333333332,0.12050308366075653,3.0,11.75
58,0.0,8.6,0.2175621138950703,1.3074262888981911,2.0,1.0,1.0,-0.02249193602602044,1.0,0.5,0.9333333333333332,0.0015390280075858586,3.0,12.25
59,0.0,19.6,0.09410403564459444,1.2826841831773097,2.0,1.0,1.0,-0.02249193602602044,0.2,2.825,0.9333333333333332,0.010267495681524129,3.0,12.75
60,,7.8,0.018395630427874586,0.11567672566772175,1.0,1.0,1.0,-0.031080811164536662,2.9,0.675,1.0,0.000455502918719392,4.0,3.25
61,0.0,6.7,0.002557599865333325,0.040822365299258916,1.0,1.0,1.0,-0.031080811164536662,0.0,1.025,1.0,0.0013432596507037661,4.0,3.75
62,3.651504750168126e-06,15.3,0.08428239376600494,0.9727939311839964,1.0,1.0,1.0,-0.031080811164536662,1.5,5.675,1.0,0.017616752550227384,4.0,4.25
63,,8.0,0.02249113116074441,0.1205946843375968,1.0,1.0,1.0,-0.031080811164536662,2.5,0.525,1.0,0.00014593370417565377,4.0,4.75
64,0.0,7.6,0.0020822624420495377,0.04292068106622556,1.0,1.0,1.0,-0.031080811164536662,0.0,1.15,1.0,0.0005019387113417246,4.0,5.25
65,5.2355187596328565e-06,12.9,0.011428901033120406,0.09288925662215564,1.0,1.0,1.0,-0.031080811164536662,2.1,5.25,1.0,0.020714667724337246,4.0,5.75
66,0.0,6.7,0.016887072504929927,0.11930629283528367,1.0,1.0,1.0,-0.031080811164536662,2.1,0.225,1.0,9.409825195549003e-05,4.0,6.25
67,7.676631570392954e-06,9.4,0.0026229289288486287,0.02466302419872416,1.0,1.0,1.0,-0.031080811164536662,0.0,1.675,1.0,0.0008960455651528512,4.0,6.75
68,0.0,18.4,0.22022352748975169,3.9063948876128567,1.0,1.0,1.0,-0.031080811164536662,1.1,4.8,1.0,0.06027909631506985,4.0,7.25
69,0.0,10.4,0.14830396517888672,1.0963432876959287,1.0,1.0,1.0,-0.031080811164536662,2.2,0.875,1.0,0.0007292175391699387,4.0,7.75
70,0.0,6.6,0.010317168898383364,0.2265320482405757,1.0,1.0,1.0,-0.031080811164536662,0.0,1.125,1.0,0.0008469715397066672,4.0,8.25
71,0.0,11.6,0.021522569786554816,0.497271381259409,1.0,1.0,1.0,-0.031080811164536662,1.6,5.1,1.0,0.02688538697069112,4.0,8.75
72,0.0,8.0,0.011100729865807284,0.054019570447286974,1.0,1.0,1.0,-0.031080811164536662,2.1,0.45,1.0,0.0002758011472537636,4.0,9.25
73,0.0,7.1,0.011417201287374999,0.1846754190120181,1.0,1.0,1.0,-0.031080811164536662,0.0,1.475,1.0,0.0027079745155898518,4.0,9.75
74,0.0,13.2,0.06843202893880387,1.3219235928934394,1.0,1.0,1.0,-0.031080811164536662,2.6,5.1,1.0,0.05220837414880783,4.0,10.25
75,5.036623483039897e-05,6.9,0.0055918042089794714,0.04684108323858848,1.0,1.0,1.0,-0.031080811164536662,1.7,0.15,1.0,0.0001263775316528618,4.0,10.75
76,9.28277560576276e-06,7.7,0.0041366694261890415,0.031560730907948975,1.0,1.0,1.0,-0.031080811164536662,0.0,1.55,1.0,0.00103773296293033,4.0,11.25
77,4.207767328436301e-07,13.2,0.077635257392562,1.7109335999321262,1.0,1.0,1.0,-0.031080811164536662,1.9,5.05,1.0,0.09283075167593416,4.0,11.75
78,3.8678854533284274e-05,7.6,0.009887059364885771,0.06648772818926388,1.0,1.0,1.0,-0.031080811164536662,1.1,0.7,1.0,4.642704578195327e-05,4.0,12.25
79,0.0,7.9,0.00935957462980927,0.12770833160764605,1.0,1.0,1.0,-0.031080811164536662,0.0,2.325,1.0,0.0008308886265246235,4.0,12.75
80,,7.0,0.011565215611713451,0.0896931438212572,1.5,1.0,1.0,-0.012137091319146106,2.8,0.45,0.8333333333333334,0.00011727289879043616,5.0,3.25
81,1.9539611017899804e-05,8.1,0.006814549275261038,0.12098784417642848,1.5,1.0,1.0,-0.012137091319146106,0.0,1.675,0.8333333333333334,0.00045086743239686737,5.0,3.75
82,1.5893267836712262e-06,12.6,0.0375998630659183,0.4688037419152813,1.5,1.0,1.0,-0.012137091319146106,1.8,5.4,0.8333333333333334,0.021214518754479147,5.0,4.25
83,0.0,8.2,0.003461184808486191,0.0070197014500878,1.5,1.0,1.0,-0.012137091319146106,1.3,0.525,0.8333333333333334,0.0003788415555207074,5.0,4.75
84,0.0,9.4,0.011790130957611838,0.14071591448309828,1.5,1.0,1.0,-0.012137091319146106,0.2,1.925,0.8333333333333334,0.0016897026390082222,5.0,5.25
85,0.0,23.2,0.3630516906154849,3.4067045784149617,1.5,1.0,1.0,-0.012137091319146106,2.5,4.65,0.8333333333333334,0.061318537419040926,5.0,5.75
86,0.0,9.6,0.2441677641731909,1.910427422509949,1.5,1.0,1.0,-0.012137091319146106,0.5,0.4,0.8333333333333334,0.0002131683800788351,5.0,6.25
87,0.0,11.5,0.19999015065925727,2.556475630893557,1.5,1.0,1.0,-0.012137091319146106,0.0,2.7,0.8333333333333334,0.04060999049975581,5.0,6.75
88,0.0,27.5,0.5892031161385038,4.288287895538962,1.5,1.0,1.0,-0.012137091319146106,1.7,4.35,0.8333333333333334,0.09265351807470894,5.0,7.25
89,0.0,16.2,0.15123932305253335,0.8599541745674473,1.5,1.0,1.0,-0.012137091319146106,2.0,0.75,0.8333333333333334,0.0006783335000825558,5.0,7.75
90,0.0,8.4,0.2085701646753999,2.13964805657864,1.5,1.0,1.0,-0.012137091319146106,0.0,0.875,0.8333333333333334,0.00298964747038352,5.0,8.25
91,0.0,33.9,0.2911738264022721,3.3552045902617142,1.5,1.0,1.0,-0.012137091319146106,0.8,5.275,0.8333333333333334,0.09211618967887683,5.0,8.75
92,,8.8,0.2954022807733033,1.573930902989225,1.5,1.0,1.0,-0.012137091319146106,3.2,0.45,0.8333333333333334,0.0015914646962556093,5.0,9.25
93,0.0,9.3,0.021294051099224047,0.4118370998813517,1.5,1.0,1.0,-0.012137091319146106,0.0,0.7,0.8333333333333334,0.0010870534842530952,5.0,9.75
94,0.0,28.3,0.3025391005612189,3.978271451963516,1.5,1.0,1.0,-0.012137091319146106,0.6,5.075,0.8333333333333334,0.07603423586260552,5.0,10.25
95,0.0,7.1,0.10154670222800737,0.8534304761076682,1.5,1.0,1.0,-0.012137091319146106,2.2,0.875,0.8333333333333334,0.0018673861627954843,5.0,10.75
96,0.0,8.8,0.014369612013899129,0.4493176366048485,1.5,1.0,1.0,-0.012137091319146106,0.1,2.075,0.8333333333333334,0.0038086166514261187,5.0,11.25
97,0.0,22.2,0.301060167842651,3.5693972023905225,1.5,1.0,1.0,-0.012137091319146106,1.4,4.25,0.8333333333333334,0.08925434302849743,5.0,11.75
98,0.0,9.1,0.15673604342426062,1.1590493142966674,1.5,1.0,1.0,-0.012137091319146106,1.7,0.725,0.8333333333333334,0.0044822458682891725,5.0,12.25
99,0.0,12.1,0.0786935391987396,0.9158150925250256,1.5,1.0,1.0,-0.012137091319146106,0.2,1.35,0.8333333333333334,0.010550095561608928,5.0,12.75
100,0.0,9.2,0.0320978078872834,0.35060434267614504,2.0,1.0,1.0,-0.017334320615970268,2.7,0.725,0.8666666666666667,0.0003939532454624846,6.0,3.25
101,0.0,7.1,0.01500494083974049,0.2931355597378318,2.0,1.0,1.0,-0.017334320615970268,0.1,1.025,0.8666666666666667,0.0015603098296618372,6.0,3.75
102,0.0,23.3,0.5257385178797053,3.5463466275798807,2.0,1.0,1.0,-0.017334320615970268,1.7,5.075,0.8666666666666667,0.08514465196498429,6.0,4.25
103,0.0,11.7,0.1315151492165597,0.9766663695570276,2.0,1.0,1.0,-0.017334320615970268,1.3,0.55,0.8666666666666667,0.00025565642921638855,6.0,4.75
104,0.0,8.5,0.09332469504719036,1.7449790023567708,2.0,1.0,1.0,-0.017334320615970268,0.1,2.575,0.8666666666666667,0.01681965990928287,6.0,5.25
105,0.0,20.2,0.7483968011877831,5.936740726842432,2.0,1.0,1.0,-0.017334320615970268,2.0,4.425,0.8666666666666667,0.1256743091035417,6.0,5.75
106,0.0,14.9,0.09281374643291623,0.7744115506178286,2.0,1.0,1.0,-0.017334320615970268,1.1,0.775,0.8666666666666667,0.0022592865225932453,6.0,6.25
107,0.0,20.9,0.12864967644847422,2.016786334411884,2.0,1.0,1.0,-0.017334320615970268,0.0,3.6,0.8666666666666667,0.01229633544248674,6.0,6.75
108,0.0,18.1,1.3792832125371044,7.881186195186058,2.0,1.0,1.0,-0.017334320615970268,2.5,3.4,0.8666666666666667,0.1458269287060144,6.0,7.25
109,,13.1,0.058692880062641416,0.6195059533793639,2.0,1.0,1.0,-0.017334320615970268,0.6,0.275,0.8666666666666667,0.000284757665419711,6.0,7.75
110,0.0,17.3,0.12143708472447892,1.6733819551884883,2.0,1.0,1.0,-0.017334320615970268,0.1,2.825,0.8666666666666667,0.014434738947386047,6.0,8.25
111,2.548796114948159e-05,18.5,1.2404486156421102,10.774448291595911,2.0,1.0,1.0,-0.017334320615970268,2.2,4.2,0.8666666666666667,0.16389985341207275,6.0,8.75
112,0.0,18.0,0.034593184025559325,0.5722763382366141,2.0,1.0,1.0,-0.017334320615970268,0.8,0.325,0.8666666666666667,0.0006609824063111994,6.0,9.25
113,0.0,16.6,0.10837492614265162,1.6467760408495116,2.0,1.0,1.0,-0.017334320615970268,0.1,2.825,0.8666666666666667,0.011335898080785963,6.0,9.75
114,0.0,17.6,1.2623311627943783,8.761431775741759,2.0,1.0,1.0,-0.017334320615970268,2.1,3.5,0.8666666666666667,0.17101970765284216,6.0,10.25
115,0.0,11.8,0.03360458178965415,0.4064250054778352,2.0,1.0,1.0,-0.017334320615970268,1.0,0.675,0.8666666666666667,0.0006699482334346329,6.0,10.75
116,0.0,11.7,0.08143367502438642,0.8340051687795981,2.0,1.0,1.0,-0.017334320615970268,0.3,1.75,0.8666666666666667,0.0109920686428121,6.0,11.25
117,0.0,30.0,0.2885036827174546,4.2474116103813815,2.0,1.0,1.0,-0.017334320615970268,0.7,4.95,0.8666666666666667,0.052537951777065287,6.0,11.75
118,0.0,8.0,0.20127717643675613,1.385683216324852,2.0,1.0,1.0,-0.017334320615970268,2.3,0.525,0.8666666666666667,0.0017824084732062707,6.0,12.25
119,0.0,11.6,0.046789969031883205,0.6592083317792493,2.0,1.0,1.0,-0.017334320615970268,0.0,1.5,0.8666666666666667,0.00554748168470378,6.0,12.75
