krec,delay,gamma
1,0,3.0771550034017965
1,5,2.786651054870853
1,10,2.594890625021331
1,15,2.7923271522056345
1,20,2.917921288877541
1,25,2.797056172714704
1,30,2.861651072696813
1,35,2.7795087752825722
1,40,2.6615576812123543
1,45,2.5101907811609308
10,0,3.1087349836914067
10,5,2.332281232313585
10,10,2.604749970410042
10,15,3.0095051094260943
10,20,3.4568869486901335
10,25,3.208440051278791
10,30,2.6883375327603902
10,35,2.3914240196990426
10,40,2.4523098289726253
10,45,2.539478620656935
24,0,3.0273915838776038
24,5,1.750135877001176
24,10,2.4291539387010204
24,15,3.421905290438147
24,20,4.405664264705273
24,25,4.19379498334256
24,30,2.1672175585489737
24,35,2.094245430635284
24,40,2.543700580939239
24,45,3.093215755065429
32,0,2.4767294871581793
32,5,1.8947426122758095
32,10,2.394268937708572
32,15,4.04265024611904
32,20,5.605592422402346
32,25,3.963888237840137
32,30,2.81373259889349
32,35,2.2109008483973676
32,40,2.7137880545038042
32,45,3.6024622043972547
